build/dem_45_30_100m_vel.asc
ncols	240
nrows	240
xllcorner	268962.000000
yllcorner	5401414.000000
cellsize	100.000000
NODATA_value	-1.000000
[rows 34 to 67 of 240, columns 0 to 76 of 240]
21.59 22.18 23.25 26.14 33.79 38.36 37.93 35.47 32.83 31.35 29.63 27.37 24.87 23.42 23.83 24.86 25.79 26.29 27.09 28.98 30.52 31.75 33.05 33.47 33.80 34.62 34.68 34.42 34.70 34.24 34.67 35.93 35.38 35.24 35.59 33.15 31.74 32.32 30.26 31.86 36.89 36.40 34.95 38.48 41.59 39.76 35.11 31.85 28.96 26.96 25.76 22.97 20.43 20.64 21.95 22.58 22.08 21.08 20.51 20.27 20.17 21.11 22.46 23.54 25.80 28.90 33.25 38.60 41.95 44.10 45.96 45.48 40.31 31.29 23.59 19.86 19.16
21.37 21.91 21.49 21.25 27.56 36.11 40.67 40.07 36.19 32.66 30.12 28.69 27.31 25.65 24.96 25.11 25.71 26.00 26.54 28.15 29.46 30.46 31.65 32.32 33.24 35.29 36.27 36.27 37.10 36.11 35.17 36.42 36.07 36.18 37.95 36.79 35.20 34.93 31.44 29.99 33.95 36.96 38.52 41.62 45.48 47.23 45.72 42.44 37.75 31.85 27.76 25.56 23.38 22.37 22.58 23.19 23.34 22.43 21.15 20.33 19.84 19.75 20.01 21.11 23.89 27.98 32.66 35.55 36.04 37.55 40.98 43.24 42.15 36.81 28.79 21.17 17.63
20.54 20.95 20.63 19.04 20.31 27.53 36.81 41.99 40.11 35.05 31.63 30.59 29.89 28.15 26.33 25.57 26.15 26.56 26.98 28.40 29.82 30.94 31.75 31.97 32.82 35.54 36.99 36.49 37.32 37.23 36.44 36.58 35.26 33.97 35.19 36.55 37.46 37.22 32.50 27.45 27.79 31.37 35.25 39.37 44.07 48.02 50.05 49.67 46.14 39.34 32.11 28.01 25.98 24.77 24.09 24.15 24.56 24.10 22.67 21.36 20.90 20.98 20.74 20.87 22.54 26.45 32.44 35.74 34.65 34.14 37.25 40.60 40.58 37.84 33.52 26.47 20.27
19.86 19.47 19.37 19.06 18.69 20.29 26.89 38.08 41.77 37.57 32.65 31.05 31.04 30.07 27.74 25.63 25.81 26.81 27.49 28.64 29.91 31.48 32.47 32.05 32.80 36.55 39.42 39.85 39.21 38.10 38.81 39.82 38.45 36.12 33.62 33.99 37.90 40.37 35.48 27.17 23.51 25.05 28.22 31.81 36.57 41.21 45.26 49.06 50.31 45.71 36.89 29.92 26.45 24.88 23.53 23.30 24.02 24.20 23.44 22.36 21.82 22.03 21.86 21.07 21.28 24.04 29.81 35.05 35.41 33.45 34.00 37.93 38.54 35.08 33.15 29.72 23.78
20.63 19.42 18.15 18.10 18.47 18.85 21.26 30.30 39.32 39.10 33.04 29.54 29.51 29.93 28.58 26.01 25.37 26.25 27.17 28.26 28.91 30.56 32.46 31.70 31.54 34.93 39.22 43.17 44.60 42.22 40.98 42.54 44.01 43.17 39.33 36.36 39.04 42.68 40.13 31.04 23.13 21.50 22.63 25.21 28.70 32.67 37.05 42.52 49.45 50.07 42.77 34.01 28.44 25.38 22.39 20.56 20.92 21.90 22.08 21.67 21.34 21.37 21.05 20.44 20.74 22.50 26.49 31.39 33.31 32.18 31.71 35.13 36.64 33.08 30.78 29.11 25.13
22.49 21.22 19.07 17.73 17.94 19.00 20.64 26.22 34.45 37.67 33.87 29.36 27.66 28.09 28.51 27.29 26.48 26.70 27.41 28.82 29.29 30.16 32.12 31.56 30.01 30.70 32.71 37.24 43.56 45.22 42.95 41.45 42.81 44.90 43.38 39.05 38.26 41.72 41.98 34.13 24.36 20.48 20.16 21.89 24.89 27.85 31.82 35.88 43.75 49.99 47.48 40.07 33.60 29.60 25.21 20.82 19.86 20.72 21.31 21.28 21.07 21.19 21.12 21.29 22.42 23.20 25.32 28.82 30.50 30.92 31.92 34.54 35.36 33.01 31.22 29.52 26.22
23.55 23.21 21.59 19.09 18.11 18.58 20.69 26.54 32.41 34.95 33.68 30.41 27.27 25.59 25.96 26.39 26.72 27.30 27.91 29.13 30.18 31.22 32.78 32.68 31.04 29.71 28.62 29.30 34.25 40.12 42.16 40.66 39.16 41.49 43.00 39.70 37.49 40.22 41.77 36.71 27.56 22.91 20.79 20.34 22.34 25.74 30.17 33.08 37.21 45.31 48.41 43.76 37.04 33.11 29.39 24.94 22.38 21.39 20.88 20.55 20.29 20.63 21.09 21.88 23.93 24.88 25.54 27.43 28.06 28.55 31.21 33.97 34.11 32.12 30.86 29.45 25.81
23.42 23.79 23.41 21.04 19.08 18.29 19.82 26.12 32.27 34.69 33.94 31.83 28.81 24.91 22.62 22.93 24.68 26.37 27.42 28.29 29.59 31.70 33.85 34.36 33.54 32.16 29.73 28.45 29.80 31.99 36.06 39.45 38.63 39.19 42.34 41.40 39.53 40.21 40.26 37.62 31.47 25.12 20.79 18.65 19.57 23.49 29.81 33.55 34.56 38.83 44.93 44.73 39.07 34.35 31.34 28.36 25.26 22.37 20.02 18.81 18.82 19.56 20.24 21.23 23.65 25.74 26.34 26.45 26.02 26.48 29.29 31.79 31.76 30.10 29.05 28.14 24.44
23.47 23.70 23.80 22.40 20.47 18.62 18.29 22.56 29.00 34.14 35.40 33.99 32.24 27.79 22.06 20.58 22.71 25.37 27.08 27.83 28.41 30.30 33.26 34.95 35.27 34.61 31.54 29.71 31.24 30.80 31.16 35.84 37.16 37.32 40.76 42.35 42.61 42.22 39.11 35.85 31.34 26.08 21.43 18.74 18.78 21.65 29.31 35.76 36.00 34.95 38.31 42.15 41.06 36.67 32.66 29.58 27.44 24.71 21.40 19.48 19.04 19.69 20.48 21.36 23.19 25.64 27.41 27.31 26.07 26.36 28.58 30.12 29.79 28.61 28.08 27.84 25.10
24.05 23.91 23.67 22.72 21.36 19.70 18.00 18.97 23.06 29.23 34.27 35.58 36.63 34.50 26.92 22.38 22.86 25.21 27.25 27.93 27.77 28.74 31.60 34.44 36.91 38.28 35.76 33.48 34.96 33.80 31.60 33.27 34.05 33.98 37.07 40.56 43.78 44.91 40.46 34.15 29.43 26.16 22.15 18.48 17.56 19.24 26.69 36.54 39.06 34.70 31.60 34.19 38.04 37.77 33.63 29.64 28.61 27.34 24.22 21.65 20.24 20.20 21.16 21.98 22.85 24.48 26.83 28.19 27.40 26.67 27.62 28.55 28.07 26.91 26.25 26.32 25.42
24.91 24.65 23.98 22.80 21.68 20.79 19.27 18.35 18.80 22.16 28.47 31.46 34.18 37.73 35.55 29.28 25.84 25.76 27.15 27.99 27.51 27.72 29.90 32.35 35.40 39.57 39.96 38.43 38.51 37.14 34.17 32.73 31.58 31.12 34.06 38.97 44.33 46.84 42.42 34.00 27.54 24.35 20.49 15.98 14.06 15.41 22.68 34.12 41.31 39.02 31.43 27.33 29.73 34.60 33.59 29.42 28.45 28.33 26.14 23.08 20.93 20.45 21.57 22.65 22.86 23.21 24.92 27.61 28.47 27.23 26.23 26.40 26.36 25.45 24.40 24.06 24.18
25.62 25.51 24.91 23.39 22.06 21.47 20.84 20.10 18.44 18.28 22.04 23.81 24.08 29.82 35.11 33.28 28.85 26.41 26.42 27.19 26.48 25.69 27.02 28.57 30.19 34.01 37.31 37.72 38.23 37.78 35.40 32.81 30.32 29.74 32.60 37.79 44.61 48.42 45.00 36.34 28.38 24.19 19.44 14.22 11.51 11.85 19.11 29.38 39.24 43.60 39.87 31.17 26.98 30.76 32.72 30.17 28.68 28.61 27.76 25.58 22.90 21.42 22.18 23.64 24.07 23.93 24.83 27.63 29.82 29.03 26.92 25.93 25.84 25.23 24.09 23.30 23.39
26.32 26.41 26.41 25.15 23.58 22.88 22.52 22.45 20.80 18.59 19.25 20.55 19.71 20.45 25.51 28.55 27.02 24.94 24.50 25.45 25.23 24.24 24.47 25.14 25.84 27.93 30.78 33.22 35.70 36.52 35.08 32.81 30.32 29.90 32.40 36.24 42.71 48.31 47.54 41.26 33.69 28.15 21.42 14.55 10.54 8.94 15.04 24.01 32.20 40.27 43.78 39.83 32.04 29.77 30.67 29.36 27.95 27.62 27.33 26.71 25.01 23.08 22.97 24.24 25.32 25.51 25.63 27.79 30.97 31.45 29.43 27.59 26.53 25.55 24.39 23.19 22.73
26.72 27.04 27.64 27.07 25.63 24.90 24.46 24.09 23.02 20.78 19.78 20.51 20.31 19.43 20.41 22.16 22.43 21.70 21.92 23.57 24.30 23.93 23.78 23.51 23.59 24.84 26.48 29.87 35.27 37.30 35.62 33.58 31.86 31.60 33.36 36.13 41.23 46.83 47.71 43.83 38.13 33.11 26.14 16.71 10.76 7.50 10.08 18.66 26.45 33.28 39.19 40.50 35.28 30.10 28.26 26.91 26.13 25.55 24.99 25.10 25.14 24.54 24.16 24.59 25.83 26.42 26.10 27.12 30.31 32.32 31.33 29.71 28.11 26.40 25.14 23.65 22.39
26.36 26.72 27.49 27.45 26.01 25.02 24.99 24.61 23.53 21.90 21.00 21.29 21.58 21.17 20.80 20.86 20.52 19.88 20.22 21.83 22.86 22.93 23.00 22.91 23.07 24.24 25.51 28.70 36.11 39.87 38.57 36.20 34.32 33.49 34.00 35.88 40.90 46.70 47.64 44.63 40.17 36.31 30.62 21.63 13.64 8.46 8.04 13.30 22.37 30.44 35.57 38.02 36.66 33.22 30.10 28.16 27.40 26.37 25.21 24.79 24.84 25.28 25.47 25.37 26.13 26.57 26.23 26.71 29.01 31.62 31.87 30.83 29.40 27.52 26.18 24.83 23.37
26.33 26.52 27.14 27.54 26.32 24.90 25.00 25.13 24.00 22.20 21.47 21.73 22.12 22.24 21.91 21.49 20.76 19.68 19.43 20.48 21.41 21.57 21.52 21.49 22.01 23.17 24.05 25.73 32.41 38.64 40.23 38.77 36.16 34.51 33.86 33.68 37.88 45.41 47.97 45.87 42.50 39.06 34.51 27.40 18.84 11.26 8.22 9.46 16.03 25.90 33.29 36.71 36.79 36.05 33.82 30.37 29.10 28.32 26.68 25.48 24.68 24.80 25.33 25.65 26.20 25.98 25.53 26.04 27.72 30.27 31.68 31.24 29.87 28.08 26.63 25.44 24.36
26.69 26.56 26.84 27.84 27.83 26.81 26.58 26.72 25.82 23.76 22.28 21.92 22.04 22.33 22.17 21.69 21.07 19.98 19.27 19.78 20.82 21.30 20.97 20.21 20.31 21.06 20.76 20.67 24.84 31.87 36.90 39.03 37.28 35.48 35.07 33.35 34.43 41.42 46.23 45.51 43.06 40.52 36.83 31.66 25.01 17.41 11.16 8.98 10.40 17.04 27.13 33.18 33.46 33.51 33.15 29.48 27.68 27.71 26.78 25.62 24.52 24.13 24.43 25.43 26.49 25.65 24.73 25.15 26.27 28.48 30.80 31.42 30.37 28.56 27.05 25.58 24.38
27.13 26.42 25.88 26.93 28.24 28.47 28.34 28.35 27.42 25.51 23.64 22.40 22.12 22.33 22.15 21.59 20.99 20.12 19.39 19.71 20.88 21.91 22.00 20.66 19.87 20.53 19.58 18.33 21.32 26.45 32.75 38.22 38.20 36.61 37.01 35.92 35.09 38.84 43.82 44.91 43.14 41.50 38.72 34.49 30.36 24.94 19.28 14.54 11.52 13.25 20.99 28.57 30.26 30.73 31.69 30.03 27.77 26.86 26.37 25.63 24.66 24.28 24.41 25.63 27.26 26.58 25.02 24.79 25.56 27.18 29.38 30.86 30.78 29.36 28.02 26.57 24.79
28.24 26.93 25.24 25.25 26.45 27.44 27.97 28.56 27.91 26.37 24.94 23.27 22.45 22.67 22.51 21.67 20.82 19.94 19.31 19.80 20.89 21.85 22.62 21.66 20.18 20.52 20.11 18.54 19.44 22.79 29.12 36.63 38.46 37.17 37.46 37.49 37.23 38.51 41.30 43.92 44.27 43.66 41.60 37.24 33.77 30.39 26.42 22.47 17.05 14.46 18.44 25.23 28.55 29.52 30.17 29.87 28.74 26.91 25.51 25.05 24.60 24.36 24.37 25.40 27.21 27.38 26.02 24.67 24.75 26.28 28.00 29.42 30.07 29.40 28.45 27.55 25.95
29.53 27.95 25.64 24.66 24.94 25.75 26.66 27.73 27.49 26.43 25.45 23.85 22.61 22.68 22.98 22.28 21.15 20.01 18.99 19.24 20.32 21.20 22.03 21.86 20.68 20.40 20.40 19.73 19.76 20.89 25.63 33.79 37.66 37.84 37.65 37.06 37.64 38.76 39.05 40.39 42.51 44.00 43.57 39.65 35.67 32.34 27.97 25.78 22.00 17.16 17.67 22.30 26.17 27.64 27.59 26.88 27.29 27.03 25.21 24.31 24.36 24.20 23.91 24.61 26.08 26.74 26.31 24.87 24.06 25.08 26.53 27.54 28.27 28.35 27.89 27.42 26.69
30.35 28.69 26.37 25.38 25.26 25.75 26.65 27.34 26.86 26.06 25.37 24.06 22.61 22.22 22.65 22.44 21.49 20.31 18.89 18.30 19.18 20.62 21.62 21.72 21.31 20.96 20.55 20.26 20.94 21.46 23.96 30.81 35.56 37.99 38.84 37.54 37.35 38.36 38.12 37.46 38.40 41.09 42.88 40.72 37.36 33.16 27.93 26.68 25.40 21.49 19.01 20.81 24.20 26.50 27.30 26.33 26.26 27.13 26.22 24.59 24.26 24.49 24.38 24.92 25.88 26.22 25.90 25.01 24.54 24.94 25.67 26.19 26.72 27.38 27.37 26.96 26.77
31.01 29.23 26.99 26.25 25.94 26.23 27.27 27.73 27.00 26.15 25.46 24.48 23.07 22.30 22.42 22.26 21.43 20.55 19.53 18.49 18.46 19.93 21.49 21.72 21.71 21.87 21.36 20.45 20.96 22.08 23.85 29.07 33.19 36.40 39.28 38.85 37.76 37.50 37.03 36.55 36.15 37.67 39.70 38.92 37.87 35.00 30.21 27.96 27.18 24.95 22.00 21.49 23.19 25.30 26.91 26.77 26.11 26.45 26.52 25.41 24.55 24.83 25.04 25.59 26.70 26.82 25.86 24.81 24.96 25.66 25.75 25.40 25.30 26.12 26.64 26.48 26.76
31.61 29.44 26.95 26.50 26.20 26.21 27.16 27.59 27.02 26.31 25.51 24.70 23.59 22.88 22.96 22.70 21.49 20.45 19.97 19.36 18.89 19.62 21.23 21.63 21.63 22.24 22.33 21.45 21.11 22.09 24.31 28.93 32.16 34.74 38.90 39.79 38.61 37.56 36.51 36.53 36.54 36.85 37.05 36.46 37.42 36.76 32.38 29.00 27.61 26.27 24.98 23.81 23.69 24.60 25.67 26.14 25.89 25.65 25.74 25.49 24.89 25.00 24.98 25.34 27.06 27.46 26.06 24.72 24.79 25.89 26.33 25.48 24.29 24.36 24.88 24.89 25.65
32.36 29.31 26.30 26.35 26.53 26.82 27.56 27.56 26.82 26.13 25.28 24.61 23.80 23.07 23.24 23.38 21.96 20.11 19.36 19.11 18.93 19.49 20.98 21.72 21.83 22.40 22.72 22.39 21.85 21.74 23.76 29.29 32.12 34.01 38.99 40.71 39.30 38.00 37.00 36.99 37.79 38.83 38.09 36.17 37.14 37.89 34.44 30.87 28.50 27.17 27.19 26.74 25.91 25.74 26.00 26.53 26.73 26.21 25.75 25.44 25.07 25.14 24.77 25.04 27.06 27.56 25.87 24.53 24.53 25.56 26.66 26.49 24.94 23.82 23.47 23.12 23.57
33.47 29.20 25.71 26.13 26.60 27.60 28.53 28.41 27.47 26.40 25.13 24.43 23.89 23.02 22.82 23.50 22.73 20.47 19.07 18.55 18.44 19.14 20.84 21.80 22.05 22.66 22.59 22.32 22.36 21.56 22.57 28.60 32.07 33.59 38.46 41.25 39.69 37.62 36.72 36.29 36.68 39.04 40.04 37.23 35.94 37.06 36.02 33.38 29.72 26.75 27.13 27.93 27.72 27.41 26.85 27.13 27.69 27.04 26.09 25.66 25.28 24.97 24.55 25.18 27.41 27.79 25.73 24.16 23.97 24.63 25.84 26.64 25.96 24.65 23.71 22.96 22.75
34.81 29.35 25.00 25.34 25.74 27.10 28.35 28.59 28.22 27.28 25.53 24.46 24.10 23.43 22.71 23.15 23.25 21.49 19.73 18.83 18.33 18.55 20.05 21.00 21.18 22.23 22.24 21.72 22.42 22.25 22.42 26.87 31.44 33.85 37.92 41.31 40.25 37.66 36.59 35.36 34.18 36.10 39.31 38.94 36.01 34.66 34.78 34.81 31.51 26.54 26.16 27.39 27.95 28.38 27.40 26.98 27.72 27.28 26.15 25.92 25.68 24.81 24.30 25.18 27.39 28.06 26.13 24.23 23.58 23.80 24.81 25.63 25.43 24.89 24.46 23.86 23.40
36.38 30.43 24.92 24.57 24.88 26.27 27.58 27.94 28.03 27.58 25.86 24.60 24.18 23.82 23.12 22.97 23.24 22.17 20.44 19.26 18.33 17.96 19.03 19.87 20.15 21.25 21.63 21.36 22.00 22.74 23.12 25.77 29.97 33.49 38.01 41.41 41.05 38.89 37.64 36.01 33.90 34.64 37.82 40.51 39.81 35.97 33.66 35.16 34.58 30.14 28.03 27.80 27.90 28.66 28.22 27.59 27.90 27.56 26.74 26.65 26.27 24.99 24.34 25.07 26.67 27.59 26.57 24.84 23.56 23.35 24.57 25.09 24.38 24.18 24.48 24.32 23.95
37.45 32.07 25.99 24.84 25.07 26.06 27.08 27.58 27.77 27.25 25.57 24.48 24.05 23.71 23.30 22.98 23.00 22.34 20.80 19.14 17.69 17.21 18.58 19.51 19.55 20.19 20.07 19.82 20.50 21.67 22.78 24.97 28.02 31.05 35.96 40.29 41.39 40.12 38.98 37.03 33.54 32.96 35.37 38.57 41.17 39.47 34.57 34.12 35.17 33.03 30.56 29.19 28.88 29.17 29.10 29.01 29.04 28.59 28.09 28.06 27.43 26.08 25.36 25.65 26.47 26.90 26.64 25.75 23.85 22.90 24.17 24.72 23.89 23.70 24.27 24.24 23.68
37.59 33.30 27.73 26.03 25.96 26.26 26.72 27.60 28.27 27.38 25.40 24.59 24.37 23.97 23.53 23.20 23.05 22.49 21.24 19.43 17.37 16.29 17.75 19.44 19.63 19.76 19.08 18.10 18.72 19.98 21.44 24.62 27.79 30.04 33.18 37.29 40.24 39.98 39.27 37.40 32.31 30.38 32.55 34.67 38.11 39.37 35.10 32.32 32.65 32.17 30.72 29.86 30.23 30.25 29.96 30.23 30.56 30.39 30.08 29.98 29.30 28.18 27.22 26.94 27.17 26.73 26.46 26.53 24.74 23.17 23.53 23.70 23.53 23.56 23.92 23.84 23.29
37.03 33.85 29.46 27.64 27.10 26.42 26.12 27.33 28.95 28.48 26.27 25.33 24.95 24.28 23.75 23.35 23.15 22.87 22.12 21.12 19.31 17.10 17.09 18.92 19.90 20.07 19.77 18.83 18.52 18.90 19.55 23.11 28.36 32.09 33.85 35.78 38.76 38.99 38.29 36.82 32.12 30.09 31.66 33.44 36.43 38.78 36.88 33.51 32.13 32.01 31.64 31.35 31.97 31.73 30.82 30.61 30.86 31.03 31.32 31.35 30.71 30.12 29.18 28.31 27.93 27.06 26.47 26.57 25.53 24.19 23.39 22.84 23.29 23.74 23.35 22.71 22.63
36.17 33.41 29.98 28.79 28.51 27.32 25.85 26.43 28.43 28.91 27.11 26.01 25.50 24.62 23.96 23.47 23.12 23.00 22.54 22.17 21.49 19.37 17.78 18.62 19.97 20.13 20.30 20.32 19.71 19.01 18.18 19.36 25.08 31.95 35.67 37.11 38.89 38.88 37.32 35.22 31.59 29.78 30.51 31.94 34.77 37.82 38.39 36.67 34.27 32.75 32.68 33.06 33.64 33.41 32.12 31.26 31.01 30.90 31.96 32.56 31.86 31.85 31.45 29.88 28.45 27.74 27.22 26.22 25.48 24.93 23.78 23.33 24.10 24.28 22.88 21.56 21.58
35.67 33.34 30.57 29.43 29.35 28.86 26.89 26.01 27.21 27.96 26.83 26.08 25.88 25.22 24.40 23.82 23.43 23.13 22.49 21.83 21.85 20.98 18.97 18.68 19.95 20.17 20.14 20.86 21.19 20.82 20.26 19.66 20.82 26.78 33.79 37.89 40.15 39.99 37.75 34.42 30.40 28.99 29.55 30.22 32.05 34.63 36.40 36.82 35.19 32.65 32.01 32.75 33.77 34.36 33.78 33.11 32.35 31.80 33.04 34.02 33.63 33.93 34.27 32.39 29.13 28.33 28.54 26.66 25.12 24.57 23.68 24.21 25.65 24.99 22.79 21.24 20.94
34.73 33.65 32.07 30.45 29.57 29.56 28.24 26.50 26.51 27.03 26.45 25.91 25.79 25.45 24.62 23.75 23.22 23.07 22.71 21.86 21.81 22.15 20.80 19.15 19.24 19.68 19.73 20.65 21.89 22.79 24.21 23.76 21.84 23.29 28.40 34.45 39.58 41.24 39.76 36.33 31.48 29.46 29.98 30.76 31.88 32.76 33.87 35.07 34.13 32.19 31.59 31.95 32.83 33.65 34.01 34.36 33.56 33.12 34.27 34.50 34.42 35.25 36.17 35.11 30.65 28.54 29.13 27.83 25.83 24.05 22.43 23.61 25.97 25.43 23.19 21.61 20.94
32.72 33.00 32.93 31.58 30.14 29.81 29.42 27.80 26.56 26.44 26.37 26.05 25.77 25.42 24.69 23.78 22.89 22.60 22.67 22.18 21.81 22.47 22.60 20.69 18.87 18.44 18.81 20.23 21.84 23.31 26.80 28.57 25.79 23.89 24.98 28.64 34.86 39.09 39.96 38.59 34.58 30.73 29.42 30.20 32.14 32.90 33.24 33.93 33.13 31.89 31.57 31.79 32.52 32.74 33.20 34.42 34.17 34.62 36.60 36.13 35.07 36.03 37.36 37.24 33.20 29.24 29.11 29.15 28.11 25.44 22.04 22.39 24.93 25.24 23.48 21.74 21.11
