build/dem_45_30_100m_ang.asc
ncols	240
nrows	240
xllcorner	268962.000000
yllcorner	5401414.000000
cellsize	100.000000
NODATA_value	-1.000000
[rows 55 to 109 of 240, columns 96 to 191 of 240]
69 69 69 70 71 70 68 67 66 66 65 64 63 61 61 62 62 62 62 62 61 60 61 62 62 62 62 65 70 73 74 74 71 65 61 59 57 57 55 53 51 50 52 56 60 63 65 63 62 60 58 55 51 49 47 46 47 46 45 45 45 44 44 44 45 46 48 47 44 43 44 47 48 51 55 57 58 60 61 61 63 63 63 63 61 59 58 56 55 55 52 48 49 50 47 47
67 67 67 68 70 69 68 67 66 66 65 64 62 61 61 60 60 60 60 60 60 60 61 62 62 62 62 64 67 69 71 73 73 71 67 64 62 61 61 61 59 56 56 58 60 63 66 66 65 63 61 58 55 52 49 45 45 46 45 46 46 44 44 45 45 46 47 48 46 43 45 47 49 52 55 56 56 58 57 58 59 60 60 60 59 57 57 55 55 55 52 48 48 49 47 48
66 65 65 66 67 68 67 65 63 63 62 62 61 61 61 60 59 59 57 59 59 59 60 61 62 62 62 64 66 67 68 70 72 73 72 69 65 64 63 63 62 61 60 60 60 62 63 64 64 62 60 57 54 51 49 46 46 47 46 47 47 45 45 44 45 47 47 48 48 44 45 48 49 53 55 56 55 56 55 55 57 57 57 58 57 55 55 55 54 55 53 49 49 49 47 49
65 64 63 63 64 65 65 63 61 61 61 60 60 60 61 60 60 58 57 58 58 58 59 61 62 62 62 64 67 68 70 72 73 74 74 72 69 66 64 63 62 62 61 61 61 62 62 62 62 61 59 56 53 51 49 47 47 47 47 48 48 47 45 45 46 49 47 48 49 45 45 48 49 52 54 55 55 56 54 53 55 54 54 56 55 53 53 53 53 53 52 51 51 50 48 50
65 64 64 64 64 64 63 62 62 62 61 60 60 61 61 61 61 60 59 59 59 58 59 60 61 61 62 65 68 70 73 76 77 76 75 74 71 68 67 66 65 64 63 64 64 65 65 63 61 59 59 58 56 53 51 50 48 48 49 49 50 48 46 45 46 49 47 46 48 46 44 47 48 52 54 54 55 56 53 52 53 53 53 54 54 53 53 53 52 53 52 51 51 50 49 51
65 65 66 67 67 67 65 62 61 62 62 61 60 61 61 61 61 60 60 60 60 58 59 60 61 61 63 67 70 73 76 80 81 80 78 75 73 70 68 67 67 66 66 66 66 67 68 67 63 59 57 57 57 56 54 53 50 49 50 50 51 50 48 45 45 48 47 44 48 48 45 46 49 52 53 52 54 55 52 51 52 52 52 54 54 53 54 53 52 51 51 52 52 50 50 52
64 64 65 66 68 68 66 63 61 61 61 60 60 60 60 60 60 60 60 60 59 58 58 59 59 60 62 65 69 72 74 78 81 82 79 76 74 72 70 69 69 68 67 67 67 67 68 68 66 61 57 55 55 55 55 54 51 50 51 51 52 51 49 47 46 49 48 45 49 50 47 47 50 53 54 52 54 55 53 51 52 52 51 53 54 53 54 53 52 51 51 52 51 51 52 53
64 64 64 65 66 66 64 62 60 60 60 59 58 58 58 58 58 58 58 58 58 58 57 57 56 57 58 59 61 65 67 69 73 76 76 74 74 73 72 71 70 69 68 67 67 67 66 67 66 62 59 55 54 54 54 53 51 50 51 53 53 52 51 50 49 50 49 45 47 50 48 48 51 53 54 53 55 55 52 51 52 52 50 52 54 53 53 53 52 52 51 52 51 50 51 52
65 64 63 64 64 63 61 60 59 59 59 58 57 57 57 57 57 57 57 56 56 56 55 53 54 57 59 59 61 63 64 66 68 70 71 73 74 75 75 73 72 70 68 68 68 67 65 65 64 62 58 55 54 54 55 54 52 52 52 53 53 53 52 52 50 48 50 45 45 50 48 48 50 52 52 52 54 54 52 51 51 51 50 52 54 53 53 52 52 51 51 52 53 52 52 52
66 64 63 63 63 61 60 59 59 59 58 58 57 58 58 58 58 58 57 56 56 55 53 50 52 59 63 65 68 68 67 68 69 69 70 73 76 77 77 76 74 72 70 69 69 68 66 65 63 61 59 57 56 56 56 55 55 54 54 54 53 52 52 52 50 48 51 45 45 51 49 47 49 51 51 51 52 53 52 51 51 51 51 53 54 54 52 52 52 51 52 54 55 54 53 53
67 66 66 65 63 62 61 61 61 61 60 59 59 58 58 58 59 58 57 56 56 55 52 49 51 58 63 67 70 71 70 69 70 71 72 74 76 77 78 77 76 74 71 69 69 69 67 65 64 62 60 59 58 57 56 55 55 55 55 56 55 53 51 50 48 48 50 44 45 52 50 48 50 51 51 51 52 52 52 50 50 51 52 53 55 56 54 54 54 53 54 55 56 55 54 56
69 69 68 66 63 62 62 62 63 62 61 61 60 59 58 58 58 57 56 55 56 55 53 50 51 57 62 66 69 70 70 70 71 74 76 76 76 76 74 74 74 73 71 69 67 66 64 63 62 61 60 59 58 57 56 55 54 53 55 57 56 54 52 51 48 46 47 44 45 50 51 49 49 52 52 52 52 53 53 50 50 51 52 52 54 56 55 56 56 55 56 57 58 58 58 59
67 68 68 66 63 61 61 61 61 61 61 60 60 59 57 57 57 56 54 54 54 53 52 51 53 58 61 64 66 67 66 66 68 73 78 78 77 73 70 69 71 72 71 68 66 64 60 60 61 60 59 58 57 56 56 55 54 53 53 55 54 54 53 52 50 47 46 46 45 50 51 49 49 52 53 52 51 53 53 50 50 53 53 52 53 55 55 55 55 55 56 58 61 61 61 62
65 65 65 64 62 61 60 59 58 59 59 60 60 58 57 56 56 54 53 51 50 48 49 49 52 57 60 62 63 62 59 59 62 66 71 76 76 69 65 66 68 71 70 67 66 63 59 58 59 59 59 58 57 57 57 56 55 53 53 54 53 51 51 51 50 48 47 48 46 49 52 51 50 51 51 50 50 52 52 50 52 55 55 54 53 55 55 55 55 56 56 58 60 60 60 59
67 66 64 63 62 61 60 58 58 59 59 59 59 58 57 57 55 53 52 51 48 46 47 48 50 56 61 62 62 60 56 57 60 63 67 71 72 65 62 65 68 71 70 67 65 62 59 58 59 60 60 59 58 59 60 60 59 57 57 56 54 50 50 50 49 47 47 48 47 48 49 50 49 51 51 49 49 51 51 50 53 56 56 55 55 57 57 57 58 59 57 58 58 57 55 54
67 67 65 64 62 60 60 58 58 59 59 59 59 59 57 56 54 52 52 51 48 45 46 47 48 54 61 62 63 61 57 57 59 62 66 68 67 62 60 64 68 70 69 65 63 61 58 58 59 59 60 60 60 63 65 67 68 66 63 61 57 53 50 50 48 46 45 46 46 47 48 48 49 50 51 50 50 51 50 50 53 56 55 54 55 57 58 57 58 60 58 58 57 55 53 53
62 62 62 62 59 59 59 57 56 57 59 60 60 59 58 55 52 50 49 48 45 42 43 44 43 49 54 57 61 62 58 58 58 60 64 65 61 56 55 61 65 66 65 62 59 57 55 56 58 59 59 59 61 64 67 71 75 77 73 68 61 55 51 50 48 46 45 46 46 46 47 48 49 50 50 50 51 52 51 50 53 54 53 51 52 54 55 54 55 57 57 57 57 55 54 54
60 60 61 60 57 58 59 59 58 58 58 59 61 61 59 55 52 48 45 45 43 39 41 41 40 47 52 55 61 63 60 60 59 59 61 62 58 51 51 56 59 60 61 58 55 54 52 54 58 60 59 58 60 63 66 70 75 80 79 74 67 58 53 51 48 46 46 47 47 46 47 48 50 50 50 50 50 51 51 50 52 52 50 49 49 51 52 51 54 57 59 60 59 57 55 55
61 61 60 58 56 57 59 60 59 57 56 56 58 60 59 55 51 44 41 43 42 37 38 40 41 47 52 56 61 63 61 60 59 59 60 60 56 50 49 51 51 52 52 49 47 49 48 51 55 58 58 57 57 61 64 67 71 74 76 76 71 62 55 52 48 45 46 47 47 47 47 49 50 51 51 50 51 51 52 52 52 52 50 48 47 48 49 51 56 61 63 64 61 59 57 55
61 60 59 57 54 54 56 57 55 52 52 53 53 55 55 51 46 39 35 39 40 35 33 34 36 42 48 53 58 60 60 59 58 58 59 58 55 50 48 48 46 45 45 41 39 40 40 43 49 52 54 54 53 55 58 62 65 65 66 67 67 61 55 52 47 44 45 46 46 45 46 47 50 51 51 50 51 52 54 54 53 52 50 48 47 48 49 51 56 61 63 62 60 59 59 59
64 61 59 57 55 54 55 56 54 51 51 53 54 54 52 49 44 34 29 33 37 35 31 29 30 36 42 49 56 60 63 64 63 63 61 59 57 52 49 49 45 44 44 40 38 38 37 40 46 51 53 53 53 53 56 59 60 60 59 60 60 57 54 50 45 44 46 46 45 42 42 44 48 51 51 50 50 52 53 53 51 50 51 49 48 49 50 52 58 63 63 61 60 62 63 64
65 63 60 58 55 53 56 56 53 51 49 51 54 55 52 48 40 30 23 27 34 35 33 30 27 31 36 45 53 60 65 68 69 67 62 59 59 55 52 51 47 47 46 42 40 40 38 40 46 50 53 55 55 57 58 58 58 58 56 57 55 51 50 44 40 41 44 45 44 41 38 40 44 47 48 47 47 49 51 49 47 48 50 49 47 48 49 54 61 66 65 62 63 65 65 65
57 60 59 58 52 48 51 50 47 48 45 45 50 51 49 43 35 26 18 21 29 32 34 33 31 32 35 40 46 50 56 64 70 67 60 56 56 54 52 52 48 48 47 43 42 42 39 39 42 45 50 52 53 55 56 53 52 53 50 50 50 43 42 37 31 34 38 40 41 38 33 35 39 42 43 42 43 47 48 47 45 47 49 48 46 46 48 55 63 66 64 63 63 64 64 64
52 58 60 59 53 49 50 48 46 48 44 43 49 51 47 39 32 26 17 17 25 28 31 34 37 42 44 42 44 45 50 60 67 65 57 55 54 52 50 49 46 46 45 43 43 42 42 40 40 44 47 49 50 51 49 44 44 45 43 44 45 38 37 34 27 30 35 37 39 35 29 30 35 39 40 40 43 47 48 47 45 47 48 48 47 47 50 58 63 63 63 63 64 65 64 64
50 57 61 60 54 52 52 48 47 50 46 43 49 50 45 34 28 24 18 17 21 24 29 32 36 43 48 48 49 49 50 57 61 57 52 52 53 50 47 44 41 41 40 38 40 42 42 41 41 45 48 48 48 47 42 37 39 41 39 39 41 36 34 31 24 27 32 35 37 33 26 25 31 37 39 41 45 47 47 46 45 46 47 47 46 48 53 60 63 63 63 63 65 67 66 67
45 55 61 58 48 46 46 42 43 48 45 41 45 46 40 31 24 21 17 17 20 22 29 31 31 38 43 44 47 48 51 56 56 49 44 45 47 46 44 42 38 38 36 32 34 37 38 38 38 43 45 44 43 42 37 34 37 39 38 38 39 35 32 28 23 26 30 32 34 31 24 23 28 36 39 41 45 46 45 42 40 40 42 44 45 48 54 60 63 63 63 62 64 66 67 67
39 51 60 59 49 46 46 40 40 47 48 44 46 44 37 29 23 20 16 17 20 23 30 32 32 37 42 43 45 48 54 57 54 48 44 42 43 43 43 42 39 37 33 29 31 33 35 35 34 39 43 44 42 41 38 34 37 40 38 39 39 36 34 30 27 30 32 32 34 30 23 21 27 35 37 39 44 45 42 39 35 35 38 42 45 50 55 60 64 65 64 63 63 65 65 66
32 45 53 55 49 45 46 41 39 44 47 44 40 36 31 25 19 18 16 17 20 23 29 33 35 40 43 44 47 51 57 57 53 50 47 45 44 41 42 44 40 37 32 28 29 30 31 31 31 37 43 45 43 41 40 36 37 41 41 41 41 39 38 35 31 33 34 33 33 29 21 17 23 32 35 37 41 42 40 36 32 31 34 38 42 47 53 60 64 66 66 65 64 66 66 65
26 40 48 50 44 39 38 37 36 37 37 35 32 28 26 25 20 18 18 18 20 21 26 29 32 37 40 41 47 53 56 56 54 53 51 49 48 42 42 44 39 34 29 27 28 28 29 29 32 38 44 46 42 39 40 38 40 43 44 44 43 42 41 38 33 33 33 31 30 27 18 13 19 30 34 35 39 40 38 35 31 27 29 32 35 39 45 53 60 63 64 64 64 65 66 65
23 35 42 44 41 35 30 29 30 31 33 35 34 28 28 28 23 22 22 23 24 24 26 26 28 35 39 42 50 54 55 53 53 55 54 53 50 44 43 45 39 32 26 26 29 30 31 33 38 44 48 49 43 39 39 40 42 44 45 45 44 41 40 38 34 33 33 30 28 26 18 13 16 27 33 35 39 38 36 34 30 26 26 28 30 33 37 46 56 62 64 64 65 66 67 67
22 30 37 39 38 32 26 25 30 33 35 38 38 31 31 30 26 24 25 27 29 31 34 32 31 38 44 50 57 58 54 52 53 54 52 52 50 45 45 46 39 29 24 28 32 34 36 39 46 52 54 53 48 42 41 41 42 43 43 44 41 36 36 37 36 35 35 31 29 28 21 14 16 25 31 35 38 36 33 32 30 26 26 27 29 32 33 39 50 58 62 64 65 66 66 67
23 29 37 41 41 37 32 31 36 40 40 41 40 33 32 32 26 23 24 27 29 32 37 36 34 40 46 55 60 59 55 54 54 53 50 49 49 46 46 45 39 29 26 30 36 38 40 44 50 56 58 57 52 46 43 43 43 42 39 40 38 32 34 37 37 37 37 35 33 31 21 14 15 24 30 34 37 35 32 31 29 28 27 27 28 33 31 32 44 51 56 60 62 63 64 66
27 32 40 47 49 46 43 42 45 47 46 45 42 35 32 31 25 22 23 26 28 31 37 37 34 40 46 54 56 54 53 55 56 55 52 50 49 49 48 46 41 35 33 37 41 42 44 48 54 58 58 57 53 47 44 43 43 41 37 38 38 35 36 39 38 38 37 36 36 32 20 12 14 22 27 33 37 36 33 30 29 29 29 28 27 33 31 28 39 48 54 59 62 64 65 68
36 40 46 51 53 52 50 50 51 52 50 49 45 38 33 30 23 20 23 27 29 30 35 35 33 37 43 48 49 47 48 51 55 55 53 50 49 50 49 46 42 40 39 41 42 43 45 50 55 57 56 54 49 45 44 43 44 42 39 41 42 39 39 40 38 38 38 36 36 33 21 11 11 18 25 31 36 37 34 30 29 29 31 30 28 32 31 29 37 46 52 56 60 64 67 68
43 47 52 56 58 56 55 54 56 57 54 52 48 41 36 31 23 19 20 24 27 28 30 30 30 35 41 44 45 43 43 45 48 49 47 45 46 47 47 43 40 38 37 37 38 39 41 46 51 52 53 51 45 43 44 45 47 45 42 43 43 40 40 40 39 40 41 38 38 36 27 13 8 14 23 30 35 36 34 31 30 30 32 31 29 31 31 31 34 42 47 51 54 59 63 64
46 49 53 57 59 58 57 55 56 57 54 53 50 44 40 35 27 21 18 21 23 24 26 28 31 37 43 45 45 44 43 42 42 42 40 40 42 44 44 40 37 36 36 35 36 38 39 44 48 48 51 50 43 42 44 45 46 44 40 41 42 40 41 41 41 42 43 41 39 37 32 21 9 9 19 28 35 36 35 33 31 31 32 31 31 32 32 31 32 37 43 47 51 57 61 60
46 48 52 56 59 60 59 56 56 56 54 53 52 48 44 40 33 25 18 19 22 24 28 34 39 44 48 48 49 48 46 44 42 40 39 39 40 40 39 36 34 35 35 34 36 38 40 44 47 47 49 49 43 41 43 42 43 41 38 39 40 41 42 43 42 43 43 41 37 35 34 27 14 7 13 25 35 37 37 34 32 32 33 34 33 33 32 30 31 35 40 45 52 58 62 61
46 48 51 55 57 59 59 58 57 56 54 54 54 51 46 40 35 28 21 23 27 31 37 43 47 50 51 52 52 51 51 49 46 43 42 42 42 39 37 36 35 36 36 35 37 40 42 44 47 46 47 47 42 40 41 40 40 39 36 38 41 41 41 42 43 43 43 40 35 34 34 31 21 11 9 20 32 36 36 35 32 32 35 35 33 33 32 31 34 37 39 45 51 57 62 62
48 49 52 54 55 57 58 57 58 57 54 53 52 50 45 41 37 33 28 30 34 39 46 51 54 54 53 53 54 53 52 51 49 48 47 46 45 42 40 41 41 42 41 38 40 43 44 47 47 46 47 47 42 40 40 39 39 38 36 39 41 41 40 42 44 44 43 38 35 35 36 33 26 18 11 15 26 32 34 34 33 33 36 36 32 32 32 32 38 40 40 46 50 54 59 62
50 51 53 56 57 58 58 58 58 57 54 51 49 47 44 42 40 38 36 38 41 45 51 56 57 57 56 56 56 55 53 52 52 52 52 50 48 47 46 48 48 47 45 42 43 46 46 48 49 48 49 48 44 41 41 37 37 36 35 39 42 40 39 41 44 44 42 37 34 35 37 34 29 23 16 14 22 30 34 35 33 33 37 36 32 32 32 33 40 42 42 47 49 49 53 57
52 53 54 57 58 59 58 57 56 55 52 49 47 46 45 44 42 41 41 43 46 50 55 58 59 59 59 59 59 58 57 56 55 55 55 53 52 51 51 52 52 51 48 46 46 47 47 48 49 49 50 49 44 43 41 36 36 36 35 38 41 38 37 38 42 43 39 36 35 37 38 36 31 26 22 18 21 29 34 35 33 32 36 36 32 33 34 35 41 44 44 46 44 43 47 51
53 54 54 56 57 58 57 55 54 53 51 49 47 47 46 46 45 44 44 46 48 52 56 59 59 60 59 59 60 59 58 56 56 56 56 54 53 54 54 54 54 52 50 49 48 49 49 50 50 48 49 48 42 42 41 36 36 36 34 37 38 37 36 38 41 41 38 35 36 39 40 39 33 27 25 22 22 26 31 34 31 31 36 36 33 34 36 37 40 42 42 41 40 39 44 49
51 52 54 55 56 57 56 55 53 52 50 49 49 48 48 48 47 46 46 48 49 52 55 58 59 59 59 58 58 58 58 57 56 56 56 54 53 54 54 54 53 53 52 51 51 51 51 52 51 48 49 47 43 43 42 36 36 35 33 35 36 36 37 40 43 43 40 37 38 41 41 40 33 26 25 25 24 26 30 33 31 30 35 35 33 34 35 35 35 37 38 40 41 42 46 51
47 49 53 56 56 56 55 54 53 51 48 47 48 48 48 48 46 46 47 48 50 51 54 55 57 57 58 58 58 59 59 58 57 57 56 55 54 55 55 54 54 53 53 53 53 53 53 53 52 50 51 49 45 45 43 39 37 34 33 34 35 36 38 42 45 44 41 38 39 41 40 38 33 24 24 25 26 28 30 32 31 31 35 36 33 33 34 34 36 39 43 47 50 52 54 54
45 48 52 56 56 56 56 55 54 51 48 47 47 47 48 48 47 47 48 50 51 52 54 55 56 57 57 58 58 58 58 58 57 57 56 55 55 56 55 54 54 53 52 53 53 53 53 53 52 51 51 48 46 47 45 42 38 34 33 34 35 37 39 41 42 40 38 36 36 38 38 37 33 25 22 24 26 28 30 32 32 33 37 38 36 36 38 41 47 52 57 61 61 59 59 55
43 45 50 54 56 55 55 54 53 51 49 49 48 47 48 49 49 49 51 52 52 54 55 56 57 57 57 58 57 58 58 57 57 56 56 56 55 56 55 54 53 53 53 53 53 54 53 53 53 51 50 48 47 48 47 44 40 35 34 35 35 37 39 40 40 38 37 34 34 37 38 38 33 25 21 23 27 29 30 32 34 36 39 40 40 44 46 49 56 61 65 68 69 67 66 59
39 41 47 52 54 53 51 49 48 48 47 47 48 47 48 50 51 52 52 53 53 54 56 57 57 56 56 57 57 57 58 58 57 57 57 56 56 56 56 55 54 54 54 55 55 54 54 54 53 52 49 48 47 48 48 45 41 37 35 35 35 37 39 41 41 40 38 35 36 39 42 40 35 26 21 24 28 30 31 33 34 36 39 39 41 45 46 48 56 61 61 66 70 71 73 70
33 39 46 52 54 53 51 48 46 47 45 43 43 44 47 51 54 56 57 56 56 56 57 59 59 57 56 57 56 57 58 58 58 57 58 57 57 56 56 56 55 54 55 56 56 56 55 54 54 52 50 48 47 47 47 45 40 36 35 35 35 37 40 41 40 39 38 37 37 40 43 42 35 27 22 25 29 31 31 32 34 36 38 38 39 43 42 41 50 55 56 61 65 67 72 75
31 37 46 52 53 51 48 46 46 46 42 38 39 40 44 50 56 60 61 60 58 58 58 60 60 59 58 58 56 56 57 57 57 58 58 58 58 57 57 56 55 54 55 56 57 57 56 55 54 51 49 47 47 47 47 43 38 35 34 35 35 37 39 40 38 38 38 36 35 38 41 40 33 26 23 25 29 31 32 33 34 35 38 39 39 43 41 37 42 45 48 53 54 56 64 71
30 35 42 46 48 47 42 41 43 43 38 36 37 39 42 48 53 57 59 59 56 55 56 57 57 56 56 56 55 55 55 55 56 57 58 59 59 59 59 59 58 57 57 58 58 57 56 55 54 51 48 46 46 47 46 43 39 36 35 35 36 37 39 40 39 38 38 35 33 36 40 39 32 25 23 25 29 31 32 34 35 35 38 39 39 41 39 36 37 37 39 43 42 45 54 64
29 33 39 42 43 41 37 36 39 40 37 36 38 40 44 49 54 57 58 56 53 53 54 55 55 54 54 53 52 53 54 55 55 56 57 58 60 62 63 63 62 62 62 61 60 58 56 54 53 51 49 47 46 47 47 43 39 35 34 36 37 38 40 41 41 40 38 34 33 36 40 40 33 25 24 25 29 32 33 36 37 37 39 39 38 39 39 37 40 41 41 44 42 42 52 63
31 37 41 42 40 35 28 28 31 32 30 31 34 39 45 51 56 59 59 55 52 50 50 52 53 52 50 49 47 47 49 51 52 54 55 57 59 61 63 64 64 64 65 65 63 61 58 56 54 52 51 49 47 47 47 43 38 33 33 36 38 39 41 41 41 40 38 33 33 37 40 40 34 26 24 26 31 34 36 38 38 38 40 39 38 40 40 38 43 47 48 50 48 48 55 66
36 46 51 49 43 36 31 30 32 32 28 27 27 33 41 48 53 56 56 53 49 47 45 46 47 47 46 44 40 40 43 46 48 51 53 55 58 59 60 61 61 62 64 64 64 63 61 58 55 53 52 50 48 47 47 44 39 34 33 36 37 38 39 40 40 40 37 33 33 36 38 38 33 28 26 27 31 34 36 38 37 37 39 39 38 40 39 36 39 40 40 43 43 44 53 64
40 53 60 57 51 46 43 42 41 37 32 27 24 28 37 45 51 55 54 51 48 46 44 44 44 42 40 39 36 38 43 47 50 52 54 56 57 58 59 60 61 61 62 60 59 59 58 56 54 52 50 48 46 46 47 45 41 36 33 35 37 37 37 39 40 40 38 33 32 35 38 38 33 30 30 28 31 33 36 37 37 37 39 39 39 42 40 37 39 41 40 42 41 42 52 63
45 58 65 61 52 50 49 50 51 45 37 30 24 26 33 41 48 51 49 46 44 42 38 38 38 36 36 38 36 39 45 49 52 56 58 57 57 57 59 59 60 61 60 57 54 54 53 51 50 48 47 46 45 46 47 44 40 36 31 33 37 37 37 39 41 40 38 33 32 36 40 38 33 31 30 28 30 33 36 38 39 39 40 40 41 44 43 41 47 51 49 52 50 48 55 63
