build/dem_45_30_100m_ang.asc
ncols	240
nrows	240
xllcorner	268962.000000
yllcorner	5401414.000000
cellsize	100.000000
NODATA_value	-1.000000
[rows 55 to 109 of 240, columns 0 to 95 of 240]
51 48 45 44 44 45 48 49 48 47 45 43 41 40 41 41 39 36 34 32 33 37 41 41 41 43 45 44 45 47 51 58 59 59 60 60 61 61 59 58 59 60 58 53 50 45 39 39 40 38 40 46 50 51 51 49 49 50 51 51 52 54 56 57 60 62 62 61 62 63 65 64 63 62 60 58 58 59 60 60 61 62 63 64 64 64 62 60 60 61 62 63 63 65 67 68
52 49 45 44 44 46 48 49 48 47 45 44 41 40 41 41 39 36 34 33 33 36 41 41 42 43 44 43 43 45 49 57 59 60 62 62 62 60 59 59 59 60 58 53 49 45 40 40 41 40 40 43 47 50 51 51 52 53 53 53 54 56 57 58 61 63 63 62 63 64 65 65 66 65 64 62 61 61 61 61 62 63 64 66 67 66 64 63 62 62 63 64 64 65 66 67
54 51 45 44 44 46 49 50 49 47 46 43 41 40 40 42 40 37 35 34 33 36 40 41 41 43 43 42 42 42 47 56 58 59 62 62 61 59 57 57 56 55 52 48 48 46 42 40 40 39 40 42 45 47 49 50 52 53 54 55 56 58 59 61 65 66 65 63 63 64 65 65 66 67 68 67 67 66 64 63 63 63 64 65 65 64 64 64 63 64 65 65 65 66 66 66
57 52 45 44 43 45 47 48 48 48 45 43 42 41 41 42 42 38 36 35 34 35 39 40 40 42 42 41 42 43 47 55 57 58 62 62 61 59 58 56 54 53 51 48 49 48 44 42 41 39 41 43 44 46 47 50 52 54 55 57 59 61 61 63 66 67 66 65 66 67 67 67 66 67 68 70 71 71 69 66 65 64 64 65 64 63 63 64 64 64 65 65 65 66 66 66
58 52 45 44 44 46 48 48 48 47 45 43 42 42 41 42 42 39 37 36 34 34 39 40 41 44 43 41 42 44 47 54 56 58 62 63 61 59 58 56 55 55 53 50 49 48 46 45 42 39 42 44 45 48 49 52 56 57 58 60 62 63 63 65 68 68 68 69 70 71 72 71 70 68 68 69 71 72 72 70 68 66 66 66 65 64 64 64 64 64 64 64 64 65 65 66
58 53 45 45 45 48 49 49 48 48 45 43 42 42 42 42 43 41 38 36 34 35 41 43 43 45 43 40 41 44 47 53 56 57 60 61 59 57 56 55 52 52 52 50 48 45 44 45 43 38 40 43 46 50 52 55 58 59 60 62 64 65 67 70 72 71 71 72 73 72 73 73 72 70 69 70 70 70 70 70 69 68 67 67 65 64 65 64 63 64 64 64 64 64 65 65
58 53 45 44 46 48 49 49 49 49 46 44 43 43 43 43 43 42 40 39 37 37 42 45 45 46 44 41 43 45 48 53 57 59 60 60 59 57 56 54 51 51 53 52 50 47 44 45 45 41 41 44 48 51 53 55 57 58 59 62 64 66 69 72 74 74 73 74 74 74 74 73 71 70 71 71 70 69 69 69 70 70 70 68 66 65 65 65 65 65 65 66 66 65 65 64
57 53 45 44 46 48 48 48 49 49 46 44 43 43 43 43 43 43 43 42 41 40 42 45 46 48 47 46 47 48 49 54 60 64 66 65 62 60 59 56 52 52 54 54 54 51 47 47 47 46 45 46 49 52 53 54 54 56 57 60 62 65 68 71 73 73 73 73 74 75 76 74 72 72 73 72 71 70 70 69 70 72 72 70 68 67 66 65 65 65 65 65 66 66 65 64
56 52 45 44 47 48 47 47 48 48 44 43 43 43 43 44 44 44 43 42 42 40 42 46 47 47 47 46 48 50 49 53 59 64 66 67 67 64 62 57 51 50 52 53 54 52 48 46 46 45 44 45 49 51 52 53 55 56 58 60 63 65 68 70 72 73 74 74 74 75 76 75 74 76 77 75 72 71 69 69 71 73 73 71 70 70 69 67 66 65 65 66 67 67 66 65
56 52 46 45 47 48 46 46 48 47 44 43 44 44 44 44 44 44 42 41 41 40 41 45 47 46 44 46 49 52 56 60 62 63 63 65 66 65 62 57 51 50 52 53 53 51 48 45 44 43 42 44 48 51 52 54 56 57 58 61 62 64 68 71 72 73 75 75 74 73 73 72 75 78 79 77 75 72 69 69 71 72 72 71 70 70 70 69 67 65 65 67 68 67 66 66
54 51 47 46 47 47 46 46 49 48 46 45 45 45 45 44 44 44 43 42 42 43 42 44 45 44 43 46 49 54 62 71 75 71 66 63 63 62 59 55 51 51 52 53 53 52 50 48 46 44 44 47 49 51 52 54 55 55 57 59 60 62 66 71 72 71 73 75 75 74 71 70 74 77 77 76 75 73 70 70 71 71 71 70 69 69 69 69 67 64 64 67 68 67 66 67
51 49 46 46 47 47 47 47 49 49 47 46 46 46 46 45 45 44 44 42 42 43 43 44 44 43 43 46 49 52 60 69 76 78 72 66 63 60 56 52 48 49 49 49 51 52 52 52 49 46 47 50 52 52 52 53 53 53 56 58 59 62 65 70 72 72 73 75 76 77 75 73 74 75 75 74 73 72 72 72 71 72 73 72 70 69 69 69 68 65 64 67 67 65 66 68
49 48 47 47 47 47 48 48 49 48 46 46 47 48 47 47 46 45 44 42 41 42 44 45 45 45 44 46 48 50 57 64 70 76 77 74 68 62 57 52 48 48 48 49 50 51 52 52 50 49 50 51 53 53 52 52 51 51 55 59 60 62 65 69 72 72 71 72 75 79 79 76 75 75 75 73 71 71 72 72 72 72 72 72 70 69 69 69 68 67 66 66 65 64 65 66
47 48 48 48 47 47 47 47 47 46 46 47 48 48 48 47 46 45 44 43 42 43 46 46 46 45 44 45 46 48 54 61 64 68 73 76 76 70 62 56 51 48 48 49 50 51 52 51 50 52 53 52 53 52 51 51 48 47 52 57 60 62 63 67 70 70 66 64 68 74 78 75 71 71 73 72 68 67 68 69 71 71 70 67 66 66 66 66 65 64 64 64 62 61 62 64
45 47 48 48 48 47 46 47 46 46 46 47 48 49 49 48 46 45 44 44 43 45 47 47 45 45 45 45 45 46 52 58 60 61 64 68 70 67 62 57 52 48 46 45 48 50 51 53 54 56 56 54 53 52 51 51 48 47 52 58 62 66 67 67 69 69 64 61 64 68 71 70 65 64 67 68 66 66 66 67 70 72 71 67 65 65 65 65 65 64 62 61 61 61 62 64
45 46 48 48 49 48 48 48 48 47 47 47 48 48 48 47 46 44 43 43 43 45 47 46 45 45 45 45 46 47 51 56 56 56 57 59 59 56 55 53 50 48 45 43 45 47 49 52 56 59 59 56 55 52 51 51 48 46 52 58 63 70 73 71 69 69 66 63 66 68 69 68 63 60 61 62 64 66 66 66 68 71 71 69 66 65 65 65 65 65 63 59 58 60 61 64
45 47 49 50 51 50 49 48 48 47 47 47 48 48 47 46 45 43 42 43 43 45 47 47 45 46 46 45 47 49 52 57 56 55 55 56 54 52 52 52 50 48 45 42 41 41 43 46 50 55 58 57 55 52 48 48 45 42 47 53 59 67 73 73 70 66 63 62 65 69 69 66 61 57 58 57 59 62 62 63 65 67 68 67 64 62 62 62 62 63 61 55 53 55 58 60
48 49 51 53 53 52 50 48 47 47 46 47 48 47 46 46 45 44 43 43 43 45 48 48 46 47 47 45 46 48 52 57 58 58 57 56 53 50 51 51 49 46 42 40 38 36 37 41 45 50 55 57 57 53 48 46 42 38 42 46 51 59 67 71 73 70 63 59 62 68 71 69 59 54 58 60 61 63 62 61 63 66 67 66 65 64 64 62 61 61 60 54 48 51 56 59
51 51 53 55 56 54 52 50 48 47 47 48 48 48 47 47 46 45 45 44 44 45 48 48 46 47 49 49 49 50 52 57 59 61 61 58 53 49 48 47 46 42 39 37 35 32 35 38 41 46 50 54 57 57 50 45 41 36 37 38 42 51 61 67 72 74 65 57 59 65 70 69 58 50 55 61 65 65 63 60 60 63 65 65 65 64 64 62 60 60 58 52 44 47 55 60
52 52 52 55 56 55 53 51 49 48 49 51 51 49 48 47 46 45 44 44 44 46 48 49 48 49 51 53 54 55 57 59 60 62 62 60 54 50 47 45 42 39 36 34 32 30 33 35 36 40 44 48 54 55 46 40 39 34 35 36 37 46 55 61 64 66 60 50 51 57 61 56 46 43 47 51 54 56 56 56 55 58 60 60 60 60 59 57 55 55 53 49 40 41 53 59
52 51 52 54 56 56 54 53 51 51 52 53 53 51 50 48 46 45 45 44 44 46 48 49 49 49 51 52 53 55 58 60 61 61 60 58 54 50 47 45 42 40 36 34 32 29 31 34 35 38 40 45 53 55 46 39 39 39 40 37 35 41 50 57 62 64 55 44 47 56 59 50 41 40 43 48 51 51 52 52 51 54 56 59 60 59 58 56 54 53 51 45 37 37 52 61
50 50 51 53 55 56 56 55 54 53 54 54 54 52 50 48 46 45 45 44 44 46 47 47 48 48 49 50 51 52 55 58 61 61 59 56 52 49 48 47 44 40 37 35 32 29 29 33 36 38 37 41 50 54 47 41 44 49 50 41 32 37 45 53 60 63 56 46 50 57 57 51 45 41 43 49 53 53 52 50 48 49 52 56 61 61 58 56 53 51 48 39 31 31 47 60
48 48 49 51 53 55 56 55 54 53 53 53 53 52 50 48 45 44 44 44 45 47 47 47 48 49 50 51 51 52 54 56 59 61 61 58 54 50 49 48 45 42 38 36 33 29 27 29 32 34 31 34 44 46 41 39 42 52 57 46 33 35 41 49 55 57 54 50 52 53 48 44 40 36 38 44 49 51 50 47 45 45 45 47 53 54 48 45 44 43 40 32 24 23 37 50
45 46 46 48 51 53 54 54 54 53 51 51 51 51 49 47 45 44 44 45 47 48 47 48 50 51 52 52 51 52 54 56 57 59 60 59 55 51 49 48 46 43 40 37 33 29 27 27 28 30 28 28 38 40 37 36 37 45 52 52 38 34 40 47 53 54 53 51 51 49 42 39 37 33 34 40 45 47 47 46 45 43 41 40 43 44 40 39 41 40 37 28 18 16 29 43
39 41 43 45 48 49 50 50 51 51 49 48 49 49 48 45 43 42 42 44 47 48 47 48 51 53 53 52 51 51 53 55 56 56 56 56 54 51 49 48 47 44 39 36 32 29 26 26 27 29 28 28 35 36 34 33 31 34 44 50 43 36 39 46 51 53 53 48 43 38 31 30 28 26 27 32 38 42 44 43 40 36 33 32 34 36 35 36 37 36 32 21 13 13 24 38
33 38 41 43 46 46 46 47 48 48 45 46 47 47 45 43 41 40 39 42 45 45 45 47 50 52 53 53 52 52 53 55 54 53 53 52 51 50 49 47 45 41 35 32 30 27 25 24 26 30 29 29 34 32 28 30 27 26 37 43 44 41 39 42 45 48 47 39 31 26 22 20 20 19 21 26 32 36 39 38 34 30 29 31 32 33 34 34 31 30 27 20 13 13 21 33
29 35 40 42 46 48 48 49 50 48 44 44 47 47 45 44 43 41 40 42 44 45 45 47 50 51 52 52 52 53 55 55 54 52 51 51 50 49 47 45 42 37 33 31 30 27 23 22 25 29 30 29 32 29 25 28 28 25 31 39 43 47 47 43 41 42 41 34 27 26 24 23 24 23 24 28 34 37 40 42 38 35 36 39 39 37 40 41 38 35 32 26 20 16 20 28
27 34 40 43 47 49 48 50 50 47 43 43 46 46 47 46 43 42 42 43 44 44 45 47 48 49 49 49 49 51 54 55 53 52 51 51 49 48 45 42 40 36 32 31 29 27 24 21 23 29 30 29 33 32 29 32 32 30 34 40 43 49 54 50 45 46 44 38 33 34 35 35 36 37 35 36 40 44 50 52 49 46 46 48 45 43 51 53 49 44 39 32 26 21 19 23
28 34 40 42 46 46 47 48 48 46 42 43 45 44 45 44 41 40 41 42 43 43 44 46 46 46 45 45 46 49 51 51 51 51 51 50 47 45 43 40 38 35 31 29 27 25 24 23 24 30 31 30 34 35 34 37 38 38 42 45 44 49 55 56 56 59 58 53 47 45 45 43 41 42 41 40 45 53 61 62 57 52 52 53 50 48 55 59 57 51 44 36 31 25 21 19
30 34 39 42 45 46 46 48 48 46 44 45 45 43 43 41 38 39 40 40 41 41 43 46 46 45 44 44 45 47 48 46 45 46 48 48 45 42 41 39 36 33 30 28 26 24 24 24 26 32 33 33 39 42 44 45 44 43 47 48 48 55 62 65 65 66 63 55 48 45 46 44 41 41 40 41 46 56 65 65 58 53 54 55 52 51 55 59 58 54 48 41 35 31 27 22
31 35 40 44 48 49 50 50 49 47 46 47 46 44 44 41 38 39 40 39 40 41 42 44 45 45 45 44 45 46 45 43 41 41 44 45 43 40 39 38 35 33 30 28 26 24 24 24 26 30 32 33 39 44 48 50 49 47 50 50 51 60 69 71 68 64 58 48 42 39 41 42 41 40 39 39 45 57 66 66 57 53 53 53 52 53 56 57 56 52 48 43 39 35 32 26
33 36 42 47 51 54 55 55 52 50 49 48 47 45 45 42 40 40 41 40 41 42 43 44 44 44 43 43 45 46 45 42 39 38 41 42 41 39 38 37 35 32 30 28 26 24 24 23 25 29 29 30 35 38 41 45 46 45 52 52 49 58 64 64 57 51 46 39 36 34 36 37 38 39 39 40 47 61 69 66 55 51 50 50 49 50 55 56 53 48 44 41 36 31 28 25
34 37 42 48 52 54 55 55 53 51 51 49 47 45 45 43 41 42 42 42 43 46 47 47 45 44 43 43 44 46 45 42 39 38 40 42 41 39 37 36 34 32 30 28 25 23 22 22 26 32 32 31 35 36 36 41 42 40 51 53 48 56 59 55 47 38 33 28 29 29 30 31 33 37 38 41 50 65 72 68 55 50 48 48 48 47 51 54 52 47 42 38 34 29 28 27
34 36 41 46 50 52 52 53 52 52 52 51 49 47 45 43 42 43 43 43 45 47 48 47 45 45 44 44 44 45 44 43 40 39 40 42 42 40 37 34 32 31 30 28 25 23 22 21 25 33 34 33 39 38 35 42 43 40 50 54 55 61 60 54 46 37 30 26 27 27 27 27 29 34 38 41 50 63 71 69 57 53 49 49 49 47 48 49 50 47 41 38 36 34 34 34
34 37 42 46 50 50 51 52 52 54 55 54 52 50 47 45 44 44 44 44 45 45 46 46 44 45 45 45 46 46 45 44 42 40 41 43 43 41 38 34 31 30 29 27 25 24 23 21 21 29 29 28 35 36 34 42 46 47 53 59 63 65 62 57 48 39 31 26 27 27 26 26 28 31 35 40 48 60 66 65 57 54 47 46 47 46 46 47 46 44 41 40 40 39 39 40
35 38 44 49 51 51 50 51 52 53 55 55 54 52 49 47 47 46 46 46 46 47 48 48 46 46 47 46 47 47 47 46 43 41 41 43 44 43 39 35 31 30 29 28 27 26 26 23 21 26 26 24 29 31 31 38 45 47 53 62 65 63 60 55 47 38 32 28 28 28 26 26 27 29 30 37 46 59 65 62 55 50 42 43 46 47 47 50 51 48 46 44 44 43 42 43
38 41 47 52 54 54 54 54 54 54 54 54 54 52 50 50 49 48 49 51 51 51 52 52 49 47 47 46 46 46 46 46 44 42 42 44 45 44 41 36 32 30 30 30 29 27 28 27 26 30 31 28 28 27 26 35 43 45 52 59 60 57 55 52 45 39 35 31 30 31 29 28 28 31 31 35 46 56 63 62 55 48 40 42 45 48 50 54 56 54 50 48 46 44 43 44
40 43 50 55 57 58 59 59 59 57 56 56 56 54 52 51 50 50 52 53 51 50 51 51 49 47 46 47 47 47 47 46 44 43 43 45 46 45 42 37 33 31 30 30 29 27 27 27 28 32 35 35 35 31 26 35 43 47 57 62 60 56 55 53 48 44 41 37 35 34 32 31 31 36 37 37 44 52 57 56 49 43 38 39 42 45 50 53 54 52 50 48 46 44 43 44
41 45 52 56 57 59 60 61 60 59 58 58 57 55 54 52 49 48 49 50 48 46 48 48 47 46 46 47 48 49 49 47 44 43 44 45 46 45 41 38 34 30 29 29 28 26 26 26 27 31 34 36 41 39 32 41 48 55 67 71 67 62 60 57 52 48 45 41 39 37 35 34 36 42 43 41 44 50 53 49 42 40 38 40 43 46 52 55 55 54 52 50 48 45 44 46
44 48 55 57 57 58 60 61 60 60 59 58 57 55 54 52 49 48 49 50 48 47 49 48 46 45 46 47 48 48 48 46 44 43 44 46 46 44 41 38 34 29 27 27 26 25 26 26 27 31 33 35 43 44 39 51 58 63 73 76 71 65 61 56 49 47 45 43 41 39 37 36 39 46 47 43 46 52 51 45 39 38 38 41 46 50 55 59 58 58 57 53 51 48 46 48
50 53 58 59 59 61 62 62 62 61 61 60 60 58 56 54 52 52 52 52 50 50 51 50 48 47 47 48 49 48 48 47 44 44 45 46 47 45 41 38 34 28 26 26 26 25 27 27 28 34 34 34 41 41 36 51 59 65 72 72 67 60 55 49 43 42 42 41 40 39 38 37 39 46 47 44 47 52 49 41 36 35 36 39 44 51 56 56 54 54 55 52 50 48 48 51
56 58 62 62 62 64 65 65 63 63 63 63 63 63 62 60 58 57 56 54 52 52 53 52 51 50 48 49 50 50 50 49 46 45 46 47 47 44 40 38 35 29 26 26 25 25 27 28 30 36 36 33 40 38 32 45 52 61 67 65 59 53 48 43 38 37 38 38 38 38 38 38 41 47 49 44 45 47 42 35 31 31 33 36 42 51 56 54 50 49 50 48 46 47 49 51
62 62 63 63 63 65 66 66 65 65 65 65 65 65 65 65 63 61 59 57 56 55 55 54 54 53 51 52 52 51 51 51 47 46 48 49 48 44 41 40 36 31 27 27 26 25 27 30 33 38 37 33 41 40 33 40 46 54 60 59 54 47 42 38 35 34 35 35 35 35 37 39 43 49 52 48 44 44 40 34 31 32 35 36 42 51 57 54 48 48 49 47 44 45 49 50
65 63 62 61 61 62 63 64 65 65 64 63 63 63 63 63 62 61 61 60 60 60 60 58 56 55 55 56 55 53 52 52 49 47 50 52 51 47 44 42 37 32 28 28 27 26 27 31 35 38 35 32 37 35 29 35 42 49 55 54 49 42 38 35 32 32 33 32 32 32 34 37 41 49 54 52 44 43 43 40 38 38 41 41 44 52 56 53 46 46 47 44 41 40 43 46
68 65 60 60 60 59 59 60 62 64 65 64 62 61 61 61 60 61 62 62 62 63 63 62 61 60 59 60 60 57 55 54 51 48 50 52 50 47 46 43 38 34 30 29 28 27 27 30 34 37 34 29 30 30 27 33 39 46 52 51 44 38 35 33 32 33 33 33 32 30 32 35 41 52 56 50 36 32 36 38 38 38 41 41 45 52 56 53 44 43 44 42 41 41 41 42
71 68 61 60 59 57 56 57 59 62 65 65 63 62 61 61 60 61 63 63 64 65 65 65 64 63 63 63 63 60 58 57 53 50 51 52 50 48 47 44 39 36 32 29 27 26 26 28 32 36 33 28 28 29 30 37 42 47 54 52 46 40 37 36 35 36 35 34 33 31 33 35 44 56 57 47 33 27 28 32 35 36 37 38 42 50 54 51 40 38 38 36 37 40 40 41
72 68 61 59 56 54 53 53 53 55 59 60 61 61 60 60 61 62 62 63 63 64 65 64 64 64 65 66 65 63 61 59 56 54 55 56 53 51 49 45 40 36 32 27 24 23 23 24 27 32 31 30 32 35 37 44 49 55 62 59 52 47 43 41 41 40 37 33 31 31 34 36 45 59 58 43 34 27 24 28 31 34 37 40 43 50 54 49 37 33 32 29 30 33 34 36
69 65 60 59 56 54 50 49 50 53 55 56 56 57 58 58 61 63 63 61 60 61 63 64 64 64 65 67 68 66 64 62 59 56 56 56 54 54 52 47 41 36 32 26 21 20 21 20 22 29 31 32 35 37 40 46 51 56 62 61 55 50 47 44 43 43 39 33 30 30 35 36 46 61 57 40 33 26 21 23 26 29 35 39 42 52 57 52 40 35 33 28 27 29 28 29
66 63 58 58 56 53 47 47 49 52 53 53 52 51 52 54 56 59 60 57 56 57 61 64 65 65 66 68 69 68 66 64 61 57 56 55 54 54 53 50 45 39 32 25 20 18 20 20 22 30 33 33 36 37 39 46 51 55 58 58 56 53 49 47 45 45 40 33 28 28 34 35 46 59 54 36 29 23 19 19 22 26 34 38 42 54 61 56 44 40 38 31 28 28 28 28
64 62 57 54 51 47 42 43 47 48 48 48 47 45 44 45 47 49 50 47 47 52 58 62 65 66 67 68 68 66 65 63 61 59 58 55 53 52 51 49 47 42 32 24 19 18 21 22 25 34 37 36 40 41 43 49 53 55 56 56 57 58 56 53 49 45 40 32 27 27 34 35 44 56 53 36 24 20 18 18 21 28 39 42 46 59 65 59 48 43 39 32 29 30 31 30
69 67 61 55 51 47 42 42 45 47 47 47 46 42 41 42 45 47 46 41 41 47 56 64 68 70 71 71 70 68 65 62 60 59 58 55 52 50 47 45 44 40 30 23 20 19 23 25 27 35 38 38 42 44 45 49 51 53 53 53 56 59 59 57 52 45 40 34 29 29 36 37 42 54 51 40 23 19 19 18 21 29 42 46 50 61 63 58 49 42 36 29 26 26 29 30
74 71 64 58 52 48 44 44 46 47 48 48 46 42 40 42 44 45 43 37 37 43 53 63 71 75 76 76 72 69 67 63 60 58 56 53 52 51 48 45 45 40 32 25 22 21 26 30 32 37 39 41 46 47 47 47 47 48 48 49 52 56 57 55 50 44 41 38 33 32 38 41 45 54 53 45 29 20 18 17 20 27 40 45 52 62 62 55 49 42 35 25 21 21 25 30
70 66 58 53 50 48 46 46 46 46 47 47 45 42 40 41 44 44 40 34 32 38 46 56 65 71 74 75 72 68 66 63 61 59 56 53 53 53 51 49 50 47 40 34 29 26 31 36 40 46 46 46 50 51 49 47 45 45 45 44 47 52 54 52 48 44 42 40 38 38 45 49 54 59 59 51 39 25 20 18 21 28 39 46 55 64 63 56 50 45 36 24 19 19 25 31
65 60 51 49 48 49 48 47 45 44 46 46 44 42 41 42 45 45 40 32 29 34 43 53 62 67 70 72 70 68 65 62 62 62 58 55 55 54 53 53 53 51 47 42 38 33 34 38 42 46 45 45 50 50 48 47 44 43 44 40 41 48 50 49 47 45 43 42 43 45 49 53 56 58 59 55 46 35 24 20 23 30 39 47 58 63 58 52 51 48 39 26 20 20 25 32
62 57 51 49 50 51 50 47 44 43 45 46 44 43 42 42 44 44 37 29 27 31 42 53 61 65 67 69 67 63 62 59 59 60 56 56 57 57 55 55 55 52 48 46 44 41 37 37 41 44 43 43 48 49 47 47 45 41 42 39 41 49 49 49 48 47 46 46 48 50 52 53 54 55 55 56 51 42 29 22 23 30 39 47 59 60 52 49 51 51 44 31 25 23 28 36
