build/dem_45_30_100m_ang.asc
ncols	240
nrows	240
xllcorner	268962.000000
yllcorner	5401414.000000
cellsize	100.000000
NODATA_value	-1.000000
[rows 165 to 219 of 240, columns 0 to 95 of 240]
37 41 45 44 45 46 44 40 36 34 32 32 36 42 45 48 51 52 52 53 53 51 48 44 39 31 30 31 27 23 22 27 28 26 21 17 22 31 31 32 40 43 42 44 43 38 36 35 39 46 48 52 55 56 58 58 55 54 58 63 65 66 66 65 59 55 51 46 44 44 42 43 39 35 37 35 29 33 35 31 31 29 21 16 6 339 323 332 354 8 16 27 32 33 38 44
35 40 45 44 45 46 44 41 39 38 36 36 40 45 48 50 53 54 54 53 52 50 49 47 42 34 33 34 31 26 24 27 29 27 23 20 22 30 32 33 38 40 40 42 42 39 36 35 38 44 47 51 54 55 56 55 52 51 54 59 63 66 69 67 61 59 59 54 50 46 41 40 36 31 35 37 31 34 37 35 35 33 25 21 17 357 327 313 327 354 11 19 23 27 35 41
36 42 47 47 47 49 48 46 46 45 43 42 45 48 50 52 55 56 57 57 54 52 50 49 45 39 38 39 36 30 27 30 32 30 28 26 27 34 38 40 45 47 46 46 45 41 37 35 37 44 50 53 54 55 55 53 50 49 50 53 55 58 63 63 57 54 53 50 45 40 36 36 35 30 34 37 35 35 37 38 41 39 33 27 22 12 349 320 309 327 2 16 17 21 31 39
37 41 47 47 47 49 49 48 47 45 43 43 46 48 48 49 51 52 54 56 55 53 51 50 46 42 40 40 36 30 27 31 34 31 29 28 31 38 42 44 48 49 48 46 44 42 39 37 38 44 48 51 52 53 53 51 49 46 47 48 49 52 54 52 44 43 45 43 38 36 36 40 40 35 37 40 40 40 40 40 43 43 39 33 25 19 5 340 317 317 340 7 13 15 25 36
40 43 48 49 48 48 48 46 45 43 41 42 46 49 49 49 50 50 51 52 53 53 51 49 46 41 40 39 34 28 26 31 35 32 29 27 31 39 44 46 47 46 45 44 41 41 41 40 40 45 48 49 51 52 52 52 49 46 47 47 48 50 50 48 39 36 41 42 41 40 43 48 49 45 45 44 45 46 43 41 43 42 39 32 25 20 13 353 327 321 328 347 6 13 20 31
45 47 50 51 50 50 49 47 46 44 43 46 51 54 56 57 56 55 54 54 55 55 53 50 46 42 41 39 34 27 25 31 36 33 29 27 31 40 44 45 45 45 45 44 41 40 42 40 40 46 51 53 56 55 54 54 51 49 49 49 49 51 52 50 44 39 45 49 47 47 50 53 52 50 47 42 45 48 43 41 43 43 39 34 27 22 19 4 336 320 319 328 353 11 20 29
45 45 48 50 49 50 51 50 49 48 47 50 54 57 59 60 59 58 57 55 55 55 54 50 46 43 41 40 35 28 25 30 36 33 28 26 29 38 42 42 42 43 43 42 39 39 42 40 39 47 51 53 56 56 55 55 52 49 49 49 49 52 54 52 49 44 49 54 50 49 51 52 48 42 39 38 44 47 43 40 44 46 43 39 33 24 22 13 351 328 316 320 340 4 16 22
42 44 48 49 50 52 53 52 52 51 51 52 55 57 59 60 60 60 59 56 53 54 54 51 47 44 43 42 37 31 28 31 36 33 28 25 27 36 39 39 40 40 40 41 39 40 43 41 39 47 48 49 51 51 52 54 51 49 50 49 50 52 53 53 50 45 46 50 47 44 45 48 46 37 35 39 44 47 44 40 44 47 47 43 36 25 21 16 2 343 326 322 333 354 10 16
44 48 52 52 53 54 55 53 53 54 55 56 58 61 62 62 61 62 62 59 55 56 57 54 51 49 48 46 42 36 33 35 38 35 29 26 29 38 41 40 41 40 38 39 39 40 44 41 39 45 46 46 48 48 50 53 53 51 51 51 51 55 56 55 51 46 45 46 45 39 39 42 43 36 37 43 44 45 44 41 43 47 46 44 37 26 21 18 9 353 339 332 335 348 2 10
48 51 54 54 53 54 55 54 55 55 56 58 60 62 64 63 62 63 64 64 63 62 61 58 56 54 53 52 47 40 37 37 38 35 31 29 33 40 42 42 44 42 37 36 36 38 41 40 39 42 42 44 47 48 50 53 52 51 51 51 51 54 55 56 54 50 47 46 45 41 37 42 43 36 38 45 44 44 44 41 42 45 45 44 39 29 24 21 15 2 345 337 336 344 356 5
50 51 54 55 54 55 55 55 56 56 57 58 60 63 66 66 66 66 66 67 69 70 66 61 58 56 54 53 50 44 39 38 38 36 33 32 36 41 42 44 45 42 39 37 35 38 41 42 40 42 40 41 45 47 49 52 51 50 50 49 50 52 53 54 55 53 51 48 46 43 38 43 44 37 38 42 40 40 41 39 39 42 42 41 38 28 24 21 17 12 353 336 329 337 352 2
54 54 56 57 56 55 55 55 56 56 57 59 61 64 67 69 69 68 68 67 68 69 67 63 59 56 53 52 50 46 40 38 39 39 37 35 37 40 41 43 45 43 41 39 37 40 44 45 45 45 44 43 46 47 48 52 51 49 49 48 48 51 52 53 55 54 53 51 48 44 39 39 41 37 38 40 37 34 35 36 37 39 39 38 36 28 22 19 15 16 6 339 322 328 345 358
56 56 57 58 57 55 55 56 56 57 58 60 62 65 67 68 68 68 69 67 66 65 63 62 61 57 53 51 50 46 41 39 41 41 39 37 37 38 38 40 44 43 41 39 38 40 44 46 47 46 44 43 46 46 47 52 51 48 47 45 46 50 52 53 53 53 53 52 50 46 42 41 40 38 40 42 40 39 38 38 38 37 35 36 35 30 23 19 13 13 12 354 329 323 334 350
57 56 56 57 57 56 56 57 57 58 60 61 62 64 65 67 67 67 68 68 68 66 63 62 63 61 56 54 53 49 44 41 42 42 41 40 40 40 39 40 44 44 41 39 39 40 44 45 46 46 42 40 46 45 47 54 52 48 46 44 46 51 53 53 53 52 52 52 51 49 46 44 42 39 39 42 40 41 43 42 41 39 35 36 36 32 27 23 17 15 15 5 348 332 327 340
58 57 56 56 56 56 57 57 57 58 59 61 62 63 64 65 66 67 67 67 68 67 64 63 64 63 61 61 59 55 49 45 45 45 45 44 45 44 40 39 44 45 42 42 41 42 46 48 49 49 46 44 50 49 49 55 53 49 48 48 51 55 56 56 56 54 53 52 52 51 50 47 44 41 39 38 36 38 42 42 43 42 38 39 40 35 33 30 24 21 20 14 2 348 335 336
59 58 57 57 56 55 56 56 55 56 58 59 61 63 64 65 66 67 68 67 66 66 64 64 64 62 61 63 63 59 53 49 48 47 47 46 45 43 39 36 40 43 43 45 44 44 48 50 52 52 48 48 53 52 53 58 56 51 48 50 55 58 59 59 58 55 53 52 51 50 51 50 47 44 41 38 35 35 39 39 40 41 39 44 46 42 40 35 29 27 25 20 12 359 345 341
59 58 56 56 55 54 54 55 55 55 56 58 59 61 62 63 64 66 68 67 65 65 64 64 63 60 58 60 61 58 54 50 48 47 46 45 45 44 40 36 39 42 44 49 50 50 51 52 53 54 51 51 53 54 57 62 61 54 49 50 55 59 61 60 59 56 54 52 51 50 51 51 50 49 46 42 38 37 39 38 36 35 34 39 44 44 42 37 30 27 25 21 17 5 350 344
60 58 56 56 55 53 53 53 53 54 55 55 56 59 59 60 61 64 66 65 64 64 62 62 62 58 57 57 56 54 52 50 49 48 46 46 46 46 42 39 38 39 43 49 53 56 58 57 56 55 54 53 54 54 59 64 63 60 55 52 55 59 60 60 59 57 56 55 54 53 53 54 54 53 51 48 44 43 43 40 38 36 32 34 36 37 38 36 31 28 26 21 18 13 357 342
61 59 57 57 55 54 54 54 54 55 56 56 57 59 59 60 61 64 67 66 65 65 64 61 59 56 56 56 53 51 51 51 51 49 46 46 46 44 42 39 37 34 38 45 49 53 56 55 55 54 52 52 52 51 54 60 62 61 61 58 56 60 61 60 60 58 56 56 56 55 55 55 56 56 55 53 50 50 50 47 44 41 37 37 38 36 37 38 36 33 30 25 22 20 8 342
63 62 60 58 56 56 57 57 57 58 59 59 59 60 60 60 60 63 65 63 63 65 63 59 56 53 53 55 53 52 52 52 50 48 46 45 46 43 41 40 37 33 32 39 43 47 49 49 51 53 51 50 51 48 48 52 53 53 58 60 60 64 64 63 62 59 57 57 56 56 57 57 58 59 59 57 56 57 58 55 52 48 43 43 43 39 40 42 41 38 33 27 25 21 12 352
64 63 61 58 55 56 58 58 58 59 61 62 62 62 60 57 57 58 58 55 54 57 56 53 51 49 51 54 54 54 55 54 51 48 46 47 48 45 43 40 37 33 31 35 40 44 46 46 48 51 51 50 50 48 45 46 43 43 51 53 57 63 65 64 62 60 58 58 57 58 59 60 61 62 62 62 62 63 64 62 59 54 49 48 46 42 43 44 41 38 33 24 22 19 12 4
66 64 60 56 56 58 59 59 59 61 62 64 64 64 61 59 59 59 57 53 52 54 53 51 50 50 53 56 56 58 60 59 54 50 48 49 49 46 43 39 35 31 29 31 36 41 45 45 46 49 50 48 48 46 43 43 39 39 46 46 49 57 61 61 60 59 59 58 58 59 59 60 61 62 62 62 62 64 65 64 62 59 55 53 51 47 47 47 43 40 34 24 20 17 13 10
66 64 57 54 57 61 61 60 60 61 63 66 68 68 66 65 65 65 62 58 57 57 55 53 52 53 55 56 56 59 65 64 58 53 50 49 47 44 42 38 32 29 27 27 31 38 46 47 46 48 48 47 47 45 43 43 41 41 45 44 46 54 58 59 59 59 59 59 59 60 61 61 62 61 61 62 62 64 65 64 63 62 60 59 57 51 50 49 44 41 35 25 20 17 13 11
66 63 54 50 55 60 59 58 59 61 63 67 71 72 71 70 69 68 66 63 62 61 58 54 52 52 53 53 53 57 62 63 59 53 49 46 45 44 42 38 32 30 31 30 30 37 47 48 47 47 47 47 47 46 45 43 41 43 47 47 47 53 56 58 58 59 59 59 60 62 63 64 65 64 63 62 62 64 65 65 64 63 61 59 57 53 50 47 41 38 34 25 22 20 14 12
65 61 51 48 57 61 59 58 59 60 63 67 73 75 75 74 71 68 66 64 63 61 58 54 52 51 52 52 53 56 61 61 57 52 47 45 44 45 44 40 35 34 34 32 30 35 44 46 46 46 46 47 47 46 44 42 38 41 46 46 46 50 53 55 56 57 57 59 60 62 63 65 66 67 65 63 61 62 63 62 63 63 60 57 54 51 50 47 41 39 36 27 25 24 17 13
61 57 50 51 59 63 61 60 60 60 62 67 72 76 77 75 71 67 64 61 59 57 53 51 50 50 51 51 50 54 58 57 55 52 47 44 44 44 44 40 36 35 31 28 27 31 39 42 44 44 43 46 49 47 43 41 36 37 44 43 43 48 49 50 52 53 54 56 57 58 59 61 64 66 66 64 62 61 60 59 60 61 60 58 55 53 51 48 42 41 39 29 26 26 18 13
59 57 53 54 60 62 61 61 60 57 61 66 70 72 73 73 70 65 61 59 55 52 49 47 47 47 47 47 46 50 52 50 49 49 45 43 42 42 41 38 33 31 29 26 26 29 37 41 44 43 42 45 49 47 42 41 36 35 44 45 43 48 47 47 50 51 52 53 53 54 54 57 59 60 61 61 60 59 57 57 58 59 59 60 59 57 54 49 42 40 38 30 28 26 18 13
62 61 59 61 64 63 61 60 59 57 61 66 69 68 66 67 68 65 63 60 56 52 48 47 47 46 45 44 45 50 52 49 47 46 43 41 41 40 41 39 35 32 30 26 24 28 33 38 41 41 39 41 46 44 39 38 36 33 42 45 43 47 46 44 47 48 49 50 51 51 52 55 56 57 58 59 59 59 57 56 56 58 59 60 62 60 56 51 44 42 39 32 30 28 21 15
65 64 63 65 69 67 63 60 57 57 61 65 66 63 59 58 58 60 62 60 57 53 49 48 48 47 45 43 44 49 51 49 47 45 42 40 41 42 44 43 38 34 32 27 22 26 29 33 37 38 37 39 44 43 38 37 36 33 38 43 44 46 45 42 43 44 45 46 47 48 50 53 55 56 57 58 58 58 57 56 55 57 58 61 62 59 55 50 43 42 39 31 29 28 22 18
63 62 60 62 67 68 62 57 54 55 60 63 61 57 55 53 50 50 52 52 51 49 47 46 47 47 46 44 43 46 48 46 46 44 41 39 40 43 46 45 39 35 33 27 21 27 30 32 37 40 40 41 45 44 39 38 37 36 38 44 46 48 47 44 44 45 46 45 45 45 47 49 51 53 55 55 55 55 54 53 53 54 55 57 58 53 49 45 40 39 38 31 28 27 22 19
59 60 60 59 65 69 66 61 58 60 64 63 60 57 55 54 51 51 52 48 46 46 46 46 46 46 46 46 44 45 47 45 44 43 40 40 41 42 46 46 39 33 31 26 22 27 30 31 35 38 39 40 45 44 39 36 36 36 38 42 44 48 47 44 46 47 47 46 44 44 45 46 47 50 53 54 55 55 53 52 52 51 52 54 54 49 45 42 38 39 40 34 31 29 25 23
56 58 60 59 63 69 70 67 66 69 70 67 63 60 57 55 53 54 54 49 45 44 46 47 46 45 47 47 45 45 46 44 43 41 38 38 40 41 44 44 36 27 26 25 22 23 27 30 31 32 35 38 43 44 39 36 35 36 39 42 44 47 47 44 44 43 42 44 43 43 44 43 45 48 50 52 54 54 53 52 51 51 52 54 52 47 43 39 34 36 37 33 29 27 26 24
53 55 57 58 63 66 67 67 68 71 71 69 67 63 59 56 52 52 51 47 45 44 44 46 44 42 45 47 45 43 43 43 43 40 35 35 36 38 41 41 32 22 20 21 20 18 23 28 28 26 31 36 42 44 39 35 35 37 41 45 47 50 49 46 46 43 40 42 42 42 43 42 42 44 45 47 50 50 50 49 50 50 50 51 49 44 43 39 32 33 33 28 25 22 22 22
51 55 58 60 65 68 68 67 68 70 70 69 68 65 61 58 55 53 51 48 47 47 47 48 45 42 45 47 46 44 43 44 45 42 38 36 36 38 42 43 36 26 18 18 19 16 19 23 26 24 27 33 39 41 37 33 33 35 41 45 45 47 47 45 46 43 40 43 42 43 43 40 39 41 40 41 44 46 47 47 47 47 46 46 45 42 43 40 34 35 35 29 27 22 18 20
50 55 61 64 68 71 71 67 66 68 68 68 68 66 63 61 58 56 54 51 49 49 50 50 47 43 45 47 47 46 46 47 49 46 43 40 38 39 44 46 40 33 21 15 17 17 17 22 28 28 26 30 35 39 37 33 31 33 39 43 44 44 43 43 44 42 40 42 43 43 45 42 40 41 38 38 42 45 47 47 46 46 45 46 45 44 44 41 34 35 35 30 28 22 14 17
47 53 60 63 67 72 72 67 63 64 64 64 66 64 62 62 58 55 54 51 49 49 48 47 45 43 45 47 46 46 46 46 47 46 44 42 39 40 46 47 41 35 27 14 16 18 19 22 29 30 26 29 36 40 39 38 34 33 40 45 47 47 45 44 44 43 40 42 44 46 48 47 45 47 44 41 44 47 50 50 49 49 48 48 48 47 47 44 36 33 33 27 26 24 13 15
48 54 59 60 64 69 70 67 64 65 63 62 64 61 61 62 57 54 53 50 49 49 49 47 45 44 46 48 46 45 45 44 42 42 44 43 40 40 46 49 45 40 36 21 16 20 22 22 25 29 27 27 33 37 39 40 35 34 40 45 48 46 44 44 43 42 39 40 42 44 48 47 47 48 47 45 47 51 54 54 53 52 50 50 50 49 49 47 40 35 33 28 28 27 19 18
54 59 60 60 63 65 65 63 62 64 61 59 61 59 59 60 55 51 51 49 49 50 51 51 49 46 48 49 48 46 46 44 40 39 42 43 41 39 44 49 47 43 40 30 17 18 21 20 22 28 28 25 28 32 36 39 35 34 38 42 45 44 43 43 42 40 38 39 40 42 47 48 46 46 44 44 47 53 57 57 55 52 49 49 51 50 50 48 43 37 34 31 31 31 25 23
58 60 60 60 63 63 59 55 54 57 55 53 55 55 54 55 52 48 48 48 47 49 50 52 53 50 51 52 50 48 47 45 41 38 40 42 42 41 44 48 47 42 37 32 22 16 18 19 23 29 30 26 25 28 33 37 34 33 37 40 43 43 43 43 42 40 38 41 41 44 51 51 47 46 44 44 48 54 59 60 57 52 48 49 50 50 51 50 45 39 36 33 32 30 26 26
61 60 58 59 62 61 56 51 51 52 50 50 52 52 53 54 54 52 50 49 49 48 48 51 53 51 51 53 51 49 48 46 43 40 40 42 43 43 46 49 49 45 39 34 29 21 17 18 22 28 31 29 24 23 29 35 33 32 38 42 43 44 43 44 43 39 38 42 42 43 51 51 48 48 47 47 50 54 61 64 60 54 50 50 52 52 53 53 47 41 38 34 31 29 26 27
63 61 57 55 53 48 44 42 43 44 43 44 47 48 49 52 54 55 53 50 49 48 48 50 50 46 45 48 49 49 48 45 43 42 41 42 43 44 46 49 51 48 41 36 33 28 18 16 20 25 30 31 23 18 26 35 35 33 39 42 43 46 46 46 45 42 40 44 43 44 52 51 48 49 49 49 50 52 62 66 62 56 53 54 55 55 56 56 50 45 43 38 34 32 29 29
61 57 51 48 43 38 36 35 36 38 38 40 43 43 45 47 48 49 48 44 46 47 46 49 49 44 41 42 44 46 45 41 41 41 41 40 42 44 44 46 49 48 42 37 36 31 22 16 17 21 29 32 25 17 24 33 35 34 38 40 41 46 48 49 50 48 46 47 47 49 55 54 52 52 51 51 52 52 61 65 62 57 56 58 58 57 59 59 54 50 48 45 41 36 33 32
54 51 48 47 42 40 40 38 38 39 40 43 46 46 47 49 47 48 46 39 43 46 45 49 50 46 41 40 41 44 43 38 37 40 40 39 41 43 44 46 50 50 44 40 40 37 29 20 18 20 28 34 28 20 22 29 31 32 37 39 41 46 47 48 50 50 48 49 49 51 54 54 54 54 52 53 57 57 63 64 61 58 58 58 58 56 57 56 53 50 48 45 42 37 34 35
49 51 54 53 48 47 47 45 44 43 43 43 46 47 47 49 48 49 48 39 39 41 41 46 49 45 41 39 39 42 43 37 34 38 39 39 41 42 43 46 49 49 44 41 42 42 35 25 20 21 28 34 32 24 22 26 29 32 38 40 42 48 48 47 49 50 50 51 52 53 54 53 54 54 53 55 61 65 68 66 62 59 57 57 55 52 52 50 45 44 43 40 40 36 34 38
53 60 64 61 56 53 51 48 48 47 43 41 42 42 43 44 44 45 45 37 34 34 35 41 45 42 39 38 39 43 44 38 33 36 38 39 41 42 42 44 47 46 43 39 39 40 36 26 18 18 23 30 31 25 22 25 28 31 36 39 41 46 46 47 50 52 54 57 59 59 58 57 56 56 55 55 60 64 66 68 65 60 56 54 52 49 49 47 41 39 38 37 37 33 30 35
66 70 72 67 62 60 55 50 48 46 43 40 40 41 42 43 42 43 43 38 35 34 36 43 47 45 42 41 41 45 47 42 35 37 38 39 41 42 43 44 45 45 44 40 38 38 35 29 17 14 18 25 30 26 22 24 26 26 30 35 39 42 43 45 49 51 52 57 60 61 61 59 55 55 55 52 56 57 58 64 65 60 55 52 50 47 48 46 40 38 36 35 35 31 26 27
75 77 77 72 65 63 59 54 50 47 44 41 41 43 44 43 42 43 44 41 39 37 38 45 50 48 44 43 43 46 48 43 37 36 38 40 42 43 43 44 45 46 45 42 39 35 34 33 22 12 12 21 29 27 23 23 23 22 24 29 36 40 39 41 44 44 46 49 51 51 53 51 48 53 54 52 55 55 55 60 62 59 54 52 51 47 47 45 40 38 37 37 38 34 27 27
77 78 78 75 68 66 64 61 57 54 50 45 46 49 49 46 44 45 46 43 41 39 37 43 48 47 43 42 42 46 48 43 38 36 37 40 43 44 44 44 45 46 46 44 40 35 34 36 29 15 8 16 27 27 23 22 22 20 21 25 31 34 33 36 40 41 42 45 44 43 43 41 42 51 53 52 55 56 57 60 61 58 54 54 53 50 48 46 41 39 39 39 41 38 32 31
76 75 73 72 68 67 68 66 63 60 55 49 48 52 52 49 47 47 48 45 43 41 36 41 47 45 42 41 41 45 47 43 41 39 38 42 45 47 46 44 43 44 45 45 43 39 38 38 33 21 9 12 22 26 24 22 22 21 22 23 27 30 30 33 40 41 43 46 45 43 42 39 40 48 51 50 53 55 57 60 61 58 54 54 54 51 49 47 43 41 39 36 38 39 33 32
74 71 65 64 61 63 67 67 68 67 59 49 44 48 48 47 49 49 48 45 42 39 34 39 45 43 40 38 38 43 44 42 43 41 39 42 45 47 47 44 41 42 44 45 44 43 42 41 36 27 15 10 18 25 25 23 22 21 23 24 27 31 31 35 41 43 45 49 48 47 45 40 40 47 49 49 52 55 56 59 59 58 56 54 53 51 50 48 42 40 38 34 37 38 33 32
72 68 60 57 53 56 60 61 63 67 62 50 44 45 43 44 49 50 49 45 41 38 33 36 41 42 41 38 37 40 41 40 43 43 39 42 45 46 46 43 39 41 44 44 43 43 42 42 37 28 20 14 16 22 25 24 23 22 23 25 29 34 33 37 45 46 47 49 48 47 45 41 40 46 48 48 51 55 56 58 58 58 57 55 53 51 51 48 41 38 39 34 37 38 33 32
66 63 58 56 52 54 56 55 56 58 52 45 40 34 34 40 48 51 50 47 43 39 36 37 41 42 41 39 39 42 42 40 44 46 43 45 49 49 48 45 40 41 44 43 43 43 43 42 36 26 21 18 16 18 22 24 24 24 24 26 29 32 33 38 47 48 49 51 50 48 46 41 40 49 51 50 53 54 55 55 54 55 56 54 51 49 49 48 41 39 39 33 34 35 32 31
52 51 53 54 51 51 53 50 49 50 44 38 33 22 16 29 43 50 52 50 46 42 38 39 41 41 41 39 39 42 43 41 44 46 45 49 54 53 51 48 42 40 41 41 42 43 44 43 38 27 22 20 18 18 21 23 24 24 24 23 24 29 31 34 43 47 49 52 52 50 48 42 40 49 54 54 55 55 54 54 52 53 55 53 49 46 47 46 40 37 37 31 30 32 30 32
27 38 44 44 42 42 44 41 39 40 38 34 27 17 6 14 36 51 55 53 49 44 39 38 40 40 41 40 38 40 42 41 42 44 43 46 51 53 51 49 43 39 38 38 41 43 44 45 41 30 25 23 22 21 22 24 23 23 23 22 21 25 28 32 40 44 46 51 52 50 49 44 39 47 53 55 56 55 55 56 53 55 58 55 50 47 47 46 40 37 36 31 29 30 30 34
342 14 39 39 38 40 42 39 37 39 37 35 26 14 3 5 26 48 56 55 51 45 40 39 40 40 41 41 39 41 45 46 47 48 46 47 49 47 44 43 40 39 37 36 39 43 44 44 41 32 28 26 24 23 24 25 23 21 21 21 20 22 27 30 38 40 43 49 51 50 50 47 41 47 53 55 56 54 55 56 54 55 60 58 52 49 48 46 41 40 39 34 31 29 30 35
