build/dem_45_30_100m_vel.asc
ncols	240
nrows	240
xllcorner	268962.000000
yllcorner	5401414.000000
cellsize	100.000000
NODATA_value	-1.000000
[rows 68 to 101 of 240, columns 77 to 153 of 240]
21.85 22.20 22.46 23.10 23.07 22.47 21.50 20.43 20.27 20.70 20.40 19.56 19.25 20.17 22.53 23.85 23.90 24.20 24.22 23.18 21.58 20.49 19.54 18.98 19.73 20.71 21.34 22.10 22.20 21.65 21.72 21.97 21.89 22.35 23.57 24.60 24.74 24.55 24.91 25.55 26.38 26.92 26.31 27.31 30.81 33.94 35.94 35.37 32.24 30.92 32.50 34.32 34.86 31.92 25.81 21.01 19.24 20.53 21.95 21.83 20.21 17.78 16.76 18.09 18.99 19.16 20.58 21.62 21.65 22.10 22.62 22.70 22.46 22.15 22.94 24.71 25.97
22.12 22.69 23.28 23.97 23.04 21.33 20.86 20.83 20.76 20.74 20.52 19.89 19.32 19.75 21.40 23.03 24.00 24.72 25.08 23.97 21.57 20.59 20.10 18.79 18.87 19.81 20.63 21.79 22.39 22.11 22.06 21.97 21.31 21.57 22.65 23.50 24.15 24.33 24.27 24.32 25.49 27.30 28.06 29.25 32.11 33.88 34.57 35.09 32.64 31.15 33.06 34.94 36.13 35.08 29.60 21.48 18.03 20.05 22.58 22.96 21.12 17.81 16.04 16.93 17.65 17.88 19.71 21.54 21.79 21.61 21.63 21.92 22.38 21.91 21.12 21.77 23.34
22.91 22.78 23.57 24.66 23.93 21.36 19.77 19.96 20.87 20.83 20.47 20.19 19.19 18.66 20.04 22.54 24.00 24.77 25.91 25.02 21.61 20.27 20.00 18.82 18.59 18.99 19.64 21.26 22.42 22.22 22.12 22.19 21.24 20.90 21.67 22.47 23.30 24.00 23.93 23.20 24.02 26.36 28.19 30.53 34.63 35.84 34.34 34.23 31.93 30.55 32.26 34.62 36.74 36.33 32.00 24.39 18.82 19.75 22.94 23.80 21.67 18.13 15.69 16.10 16.76 16.93 18.64 20.89 22.01 21.87 21.20 21.31 22.21 22.01 20.42 19.33 20.03
25.78 24.12 24.41 25.45 24.92 23.00 20.66 19.26 20.47 21.37 20.89 20.99 20.35 18.43 18.18 21.61 25.16 25.83 26.57 26.62 23.91 21.41 19.94 18.99 19.03 18.97 18.97 20.35 22.42 22.85 22.13 22.03 21.38 20.44 20.58 21.43 22.55 23.79 24.44 23.89 24.18 26.42 28.18 30.87 36.85 39.21 37.98 36.12 31.82 30.25 31.34 33.07 36.55 37.50 33.46 27.52 22.71 21.91 23.94 24.43 22.54 19.20 15.94 15.64 16.40 16.81 18.34 20.33 21.75 22.33 21.87 21.73 22.70 22.99 21.67 19.44 18.07
26.83 24.88 24.86 26.20 25.65 23.86 21.99 19.68 19.37 20.54 20.67 20.69 20.91 19.02 16.61 18.75 24.52 27.48 27.02 26.99 25.99 23.44 20.73 19.33 19.56 19.43 18.66 18.94 20.99 23.06 23.11 22.27 21.33 19.91 19.36 19.82 20.96 23.05 24.58 24.34 24.36 26.55 27.92 29.68 35.61 39.46 40.33 39.13 33.26 29.95 30.72 31.28 34.47 37.51 34.74 29.15 26.01 25.76 26.34 25.49 24.18 21.16 16.88 15.72 16.06 16.63 18.37 20.13 21.09 21.77 22.34 23.03 23.69 24.13 23.95 21.78 18.46
26.06 24.81 24.38 26.33 26.94 24.83 22.97 21.22 19.57 19.63 19.87 20.15 20.56 19.52 16.99 16.66 22.16 28.13 28.16 26.53 26.25 24.78 21.81 20.11 20.31 20.21 19.11 18.47 19.48 21.99 23.84 23.84 22.33 20.06 18.87 18.70 19.04 21.52 24.27 24.19 23.95 26.40 28.25 29.94 34.71 38.68 40.92 41.21 35.76 30.66 30.68 31.06 32.62 35.97 35.51 30.35 27.43 27.98 28.76 28.02 27.02 24.66 19.81 17.66 16.91 16.85 18.84 20.82 21.41 21.38 21.91 23.96 25.24 25.40 25.71 24.21 20.50
28.36 27.41 25.51 26.41 28.35 27.28 25.32 23.30 21.78 20.57 19.63 20.32 21.07 20.06 18.36 16.93 20.60 27.98 30.09 27.27 25.82 25.47 23.32 21.09 21.39 21.78 20.76 19.38 19.55 21.53 23.53 24.85 24.68 22.08 19.66 18.73 18.44 20.42 24.11 25.01 24.10 26.15 29.38 32.80 37.22 40.62 43.05 43.61 39.65 33.85 31.21 31.15 31.88 33.67 35.07 32.15 28.09 28.20 29.26 29.71 30.65 29.50 25.92 23.35 21.42 19.77 20.87 22.88 23.71 23.03 22.35 24.21 26.83 28.02 27.75 26.02 23.23
31.82 30.35 28.42 27.70 29.34 29.36 27.78 25.25 23.02 21.85 20.05 19.62 20.79 20.37 19.13 18.19 20.22 27.39 31.19 28.03 25.05 24.76 24.16 21.98 21.53 22.31 21.82 19.95 19.27 20.90 22.77 23.75 24.41 23.63 20.96 18.77 17.92 19.54 23.63 26.14 25.03 24.72 27.08 31.74 37.81 42.67 45.83 46.07 42.53 37.08 31.83 29.77 30.03 30.58 32.50 32.13 28.12 27.42 28.15 28.18 30.68 31.98 30.13 28.73 26.49 23.87 23.50 24.47 25.35 24.92 23.61 23.71 25.71 28.33 29.22 27.60 25.32
31.79 30.75 29.50 29.47 30.68 31.41 31.00 27.85 23.04 21.28 20.48 19.00 19.49 19.66 19.11 19.55 22.23 29.32 33.42 29.13 24.66 23.55 23.47 22.48 22.06 22.40 21.94 20.81 19.62 20.27 22.90 23.92 23.14 22.74 21.49 19.38 18.10 19.18 22.78 26.39 26.51 24.54 23.66 26.27 32.62 39.77 47.36 50.57 46.91 41.23 34.59 29.60 27.70 27.43 29.69 30.71 27.66 26.14 26.32 25.48 27.51 30.44 30.67 30.60 29.26 26.40 25.89 26.55 26.82 26.56 25.22 24.03 24.43 26.24 28.08 28.56 26.44
33.12 31.21 29.96 30.48 31.72 33.10 34.89 33.46 26.46 22.49 22.94 22.38 21.34 20.44 20.07 20.97 24.45 32.34 38.46 35.23 27.76 24.52 23.06 21.83 23.18 24.43 23.11 22.76 22.35 21.24 23.67 25.94 24.73 22.55 21.55 21.07 19.84 19.72 22.29 26.26 28.19 27.55 24.93 23.22 24.92 30.13 40.57 50.49 53.29 50.83 43.25 32.92 26.39 24.77 27.68 29.92 28.16 26.06 24.90 23.67 24.73 27.15 28.66 30.17 30.54 28.44 27.57 28.99 30.21 30.20 28.73 27.05 26.88 26.19 26.27 28.97 28.62
37.43 33.78 31.43 30.64 30.82 32.22 35.43 38.08 34.64 27.78 26.20 25.50 24.00 21.65 20.60 21.58 24.36 31.18 40.10 42.07 34.88 27.81 23.63 20.49 21.46 23.68 23.51 23.40 23.27 21.54 23.03 25.70 25.35 22.91 21.04 21.33 20.94 19.77 21.12 24.88 28.23 29.99 28.91 25.88 24.11 24.06 28.34 39.51 48.67 53.96 51.62 38.47 26.72 22.92 25.38 28.52 28.69 27.62 25.56 23.39 23.56 24.58 25.98 28.32 29.85 29.24 27.84 28.58 30.81 31.82 31.20 29.81 28.83 27.81 26.95 29.62 31.32
44.77 39.86 36.05 33.85 33.58 35.54 38.06 42.32 44.23 39.43 32.04 28.09 26.46 24.02 21.99 22.77 24.78 29.12 37.88 44.80 41.60 32.61 25.20 20.92 20.24 21.42 22.41 23.75 23.44 21.00 22.18 25.06 24.73 22.54 21.13 21.43 22.03 21.15 20.99 23.00 26.03 29.26 31.04 31.30 30.69 27.66 27.14 32.29 38.42 47.42 52.71 44.58 30.57 24.20 24.04 26.35 27.64 28.57 28.00 25.89 25.09 24.54 25.07 27.45 29.15 29.42 28.83 28.93 30.74 31.26 31.47 31.48 29.91 29.18 29.63 31.50 33.06
55.77 50.49 44.69 40.55 39.75 40.77 41.51 43.38 47.89 51.67 48.86 40.84 36.47 32.27 28.49 26.30 26.01 28.50 35.94 45.02 46.18 37.99 28.22 23.58 23.95 23.05 22.42 25.13 25.53 22.35 22.69 25.30 25.60 23.43 22.26 22.64 23.45 23.81 23.81 23.84 24.58 26.84 28.89 31.63 35.07 34.67 32.72 34.86 37.45 42.09 49.32 48.03 39.48 32.37 27.86 26.66 26.51 28.04 29.33 28.85 28.26 26.72 26.30 28.44 30.60 31.51 31.03 31.67 33.97 33.22 32.31 33.00 32.62 31.35 31.28 33.30 34.37
56.06 53.04 47.56 41.56 38.03 37.25 37.98 37.74 38.40 45.91 52.22 50.28 44.68 39.41 34.00 28.86 26.15 27.64 33.81 43.76 49.02 42.73 30.92 24.35 24.79 24.44 22.49 25.19 27.26 23.86 21.95 23.24 24.36 23.77 22.29 22.22 22.99 23.67 24.48 24.84 24.96 26.12 26.43 26.96 31.27 34.80 34.63 35.54 37.48 40.51 45.17 46.68 44.72 40.78 35.74 31.04 27.29 27.10 28.30 28.75 29.62 29.05 28.12 29.09 30.90 32.69 32.93 33.80 36.40 36.29 33.66 32.47 33.30 32.78 31.18 32.92 34.98
47.20 48.29 44.92 37.77 32.45 30.51 32.29 31.64 28.49 32.40 42.55 47.20 45.15 40.52 35.49 30.85 27.00 27.14 32.01 41.36 50.07 48.94 36.99 26.89 25.45 25.29 22.96 24.50 27.87 26.54 23.25 23.07 23.81 25.26 25.02 23.65 23.39 23.02 23.16 24.12 25.44 27.46 28.00 27.47 29.57 32.67 34.43 35.69 37.21 40.28 42.20 42.90 43.94 43.14 40.73 36.35 30.11 27.54 26.61 25.97 27.83 29.30 29.71 30.06 30.83 32.62 33.64 34.70 36.81 38.21 35.85 31.63 31.53 32.48 31.00 31.53 34.05
42.88 46.80 42.61 34.11 28.82 26.68 27.48 27.18 26.16 28.83 35.60 40.72 41.55 38.84 34.81 31.71 28.65 27.24 28.96 35.77 47.03 52.16 45.37 34.73 30.93 29.96 28.13 27.58 29.83 31.73 31.10 29.05 27.74 28.65 28.78 27.48 26.32 24.83 23.59 23.32 24.39 26.95 29.47 31.30 33.26 34.03 35.16 37.12 38.63 40.49 40.80 40.40 41.21 41.22 41.24 39.05 33.18 30.34 27.40 23.68 24.53 26.74 28.85 30.15 30.72 31.66 32.21 32.93 34.83 37.94 38.42 33.79 31.11 31.85 31.06 30.43 31.98
43.21 48.63 42.13 31.69 27.33 25.42 24.29 23.38 24.31 28.19 33.52 36.69 37.09 35.87 33.10 30.11 27.36 24.86 24.02 28.57 40.37 50.45 51.12 43.38 37.08 36.02 37.03 37.22 35.91 35.31 35.48 33.42 30.04 29.68 29.44 28.06 27.13 25.78 23.99 22.23 21.76 23.16 25.30 28.43 31.96 32.90 33.32 35.91 38.42 40.63 41.38 40.93 40.03 38.33 39.16 38.96 34.95 33.27 30.11 23.68 21.98 23.32 25.57 27.28 27.80 28.24 28.45 28.85 30.49 34.21 37.85 36.30 32.71 32.05 31.60 30.77 31.05
43.36 50.12 42.36 30.15 26.80 26.12 24.50 22.10 22.28 26.28 31.73 34.95 34.85 33.46 31.73 29.34 27.15 25.52 23.81 25.64 33.18 43.25 50.24 50.84 46.78 43.73 43.58 43.86 42.60 39.46 37.38 34.70 29.62 28.54 28.42 26.97 26.29 25.84 24.92 23.20 21.81 21.17 20.40 22.39 28.06 30.78 31.81 34.24 35.59 37.96 41.21 43.03 41.85 38.08 37.80 37.97 35.43 34.57 32.43 26.22 22.42 22.37 23.84 24.97 25.04 25.32 25.89 26.93 27.96 29.65 33.30 34.78 33.09 32.19 32.28 32.16 31.70
43.30 50.70 42.52 29.55 26.75 26.96 26.95 24.42 22.70 25.02 28.98 32.17 33.90 33.75 32.44 30.98 30.48 30.64 29.32 27.91 28.98 33.45 40.48 46.34 46.96 44.27 41.67 41.67 43.10 42.08 40.12 36.50 29.92 27.47 26.90 26.02 26.11 26.80 27.28 26.85 26.31 24.91 21.92 22.34 26.90 31.04 33.99 34.80 32.73 33.37 37.50 42.22 43.75 40.84 39.07 38.34 36.05 34.97 33.77 29.90 25.90 23.90 23.73 24.14 24.01 24.15 25.18 27.27 28.10 27.17 28.09 29.85 30.24 30.51 31.28 32.21 32.01
46.40 51.35 40.33 29.06 27.16 26.77 28.00 27.41 25.40 26.08 27.60 28.56 29.88 31.36 31.88 31.07 30.53 30.47 29.72 27.96 26.93 28.56 32.83 37.18 38.64 37.32 35.46 36.48 39.55 40.91 41.46 39.21 32.75 28.61 26.60 25.23 25.67 26.71 27.48 27.72 28.48 28.77 25.92 24.67 27.99 32.00 36.91 37.19 33.19 31.96 33.94 38.63 42.21 41.23 39.76 39.15 36.70 34.15 32.83 30.92 27.57 24.44 23.06 22.88 22.90 23.15 24.08 26.92 28.65 26.84 25.30 25.36 26.41 28.10 29.70 31.31 31.70
50.82 52.46 36.02 26.64 25.84 25.17 26.73 27.56 27.02 27.67 28.49 28.09 27.12 27.50 28.87 28.90 27.79 26.81 25.84 24.76 24.38 25.61 29.37 33.50 34.39 32.90 31.31 32.34 35.47 37.70 40.05 40.36 35.98 31.53 28.15 25.68 25.75 26.81 27.91 28.11 28.67 30.49 29.41 28.82 31.08 33.96 38.91 41.08 38.40 35.80 34.93 37.11 40.04 39.76 38.77 39.34 38.02 34.02 31.35 30.20 28.39 26.07 24.85 23.92 23.39 23.96 24.88 26.68 28.45 27.90 25.22 23.09 23.70 25.65 27.78 29.82 30.14
51.85 55.17 36.99 25.79 23.96 23.63 26.14 27.45 27.39 28.20 29.26 29.00 27.97 27.02 26.77 26.79 26.04 25.02 24.26 23.37 23.02 23.70 26.31 30.54 32.74 31.52 29.27 29.40 31.32 32.94 36.17 38.37 36.35 33.51 30.37 27.37 26.59 27.39 29.17 30.00 30.70 32.34 32.38 31.87 32.60 34.41 38.32 42.74 44.07 42.96 41.03 40.30 41.28 41.39 40.58 40.96 40.80 36.90 32.02 30.47 30.35 30.06 29.71 29.01 27.81 27.31 28.44 28.77 28.58 29.25 26.84 22.93 22.57 23.60 25.06 27.33 27.51
50.63 57.68 43.14 29.28 24.41 22.97 25.89 27.97 27.73 27.61 28.23 27.12 25.63 25.16 24.68 24.61 24.50 24.10 24.12 23.87 23.61 24.09 25.53 28.21 30.93 31.29 29.39 28.89 29.39 29.32 31.97 35.02 34.46 32.76 30.05 26.57 24.65 25.04 27.23 29.22 30.33 31.32 31.19 29.96 30.17 32.19 34.52 38.27 42.41 45.18 46.05 45.72 45.54 45.48 45.37 45.19 44.59 41.38 35.65 32.73 32.44 32.05 32.17 32.74 32.14 30.80 31.41 31.60 29.95 30.29 28.36 23.55 22.49 22.87 23.45 25.57 26.20
49.64 58.52 47.90 32.75 25.70 22.79 24.81 27.80 28.63 28.03 28.12 26.31 23.17 22.43 22.67 22.90 23.12 23.40 24.16 24.81 25.09 25.61 26.26 27.25 29.17 30.29 29.34 29.05 29.05 27.78 28.71 31.21 31.69 30.44 28.31 25.14 22.21 21.81 23.33 24.83 25.56 26.15 26.67 26.53 26.97 29.17 31.28 32.90 35.56 39.45 43.23 45.58 46.62 46.68 46.99 48.18 49.14 48.39 44.61 40.15 37.58 35.11 33.61 34.08 34.29 33.46 33.74 33.79 32.03 31.78 29.73 24.52 22.89 22.91 23.04 24.87 26.10
47.08 56.69 51.72 39.67 30.79 25.59 25.84 28.04 30.50 31.18 30.04 28.10 24.74 22.36 21.81 22.03 22.21 22.68 23.86 24.97 25.77 27.02 27.78 27.76 28.84 29.35 28.35 28.56 28.56 27.28 27.11 28.08 28.74 28.19 27.12 25.65 22.76 20.52 19.78 19.52 19.74 20.93 22.60 24.15 25.17 26.37 28.39 30.37 31.27 32.82 36.06 39.15 41.45 42.81 43.90 45.92 48.08 49.94 49.78 46.93 43.54 39.71 36.11 35.10 35.01 34.38 35.04 35.47 34.16 33.94 32.12 27.04 24.49 23.65 22.81 23.85 25.20
40.34 51.97 54.03 50.51 43.60 33.00 29.35 28.95 30.39 32.20 31.12 28.51 26.17 22.99 20.71 20.63 20.89 21.32 22.84 24.36 25.30 27.15 28.84 28.84 29.45 29.72 28.32 28.06 27.86 26.89 26.79 27.07 27.18 26.75 25.90 24.93 22.75 20.06 18.38 17.42 17.17 18.46 20.50 22.39 23.75 24.65 26.01 28.40 29.95 30.33 31.80 33.80 35.77 37.73 39.30 40.81 41.69 42.89 45.05 45.70 44.53 41.72 37.93 36.04 35.20 33.93 34.46 35.40 34.98 35.33 34.28 29.90 26.65 24.94 23.19 23.00 23.62
34.89 44.78 51.60 57.16 57.65 48.50 38.97 34.35 32.34 32.30 31.19 27.95 26.06 23.03 19.13 18.33 18.60 19.20 20.99 22.99 24.32 26.23 28.54 29.14 29.28 29.71 28.69 27.61 27.08 26.25 26.41 27.02 26.83 26.19 25.36 24.10 22.16 19.91 18.20 17.16 16.77 17.82 19.68 21.23 22.28 22.89 23.84 25.99 28.15 28.96 29.28 30.21 32.07 34.11 35.40 36.52 37.00 36.89 38.60 41.19 42.20 41.03 38.38 36.99 36.24 34.44 34.02 34.35 34.14 35.14 34.92 31.60 28.56 26.00 23.90 23.39 23.10
32.91 38.05 43.29 52.16 60.88 61.99 55.39 47.65 41.12 35.39 31.82 29.24 27.55 24.40 19.58 17.11 16.66 17.43 19.10 21.12 23.02 25.14 27.86 29.24 28.89 29.20 29.28 28.01 27.00 26.03 25.78 26.72 26.88 25.97 25.11 24.02 22.55 20.95 19.26 17.79 17.21 17.91 19.06 20.28 21.39 21.67 21.97 23.40 25.37 26.87 27.46 27.73 29.22 31.50 32.53 33.05 33.85 34.31 35.37 37.42 39.23 39.20 37.53 36.86 36.96 35.74 34.76 34.07 33.19 34.55 34.61 32.02 30.43 27.32 24.26 24.01 23.44
32.28 35.52 36.90 40.27 47.61 57.17 60.62 57.94 50.72 40.35 32.69 30.46 30.30 28.02 23.26 18.38 16.15 16.48 17.76 19.57 21.73 24.02 27.00 29.47 29.26 28.54 29.15 28.95 27.66 26.11 25.00 25.44 26.27 26.11 25.06 23.52 22.24 21.53 20.75 19.53 18.72 18.71 18.87 19.67 20.93 21.45 21.68 22.48 23.72 25.18 26.44 27.02 27.80 29.66 30.98 31.56 32.23 33.16 34.28 35.28 36.60 37.34 36.58 36.05 36.45 36.15 35.68 34.57 32.94 34.41 34.87 32.80 32.53 29.70 25.30 24.25 23.66
27.17 30.86 31.30 31.15 32.45 40.05 49.48 55.94 55.02 45.51 34.19 30.24 31.07 30.55 26.76 21.34 17.53 16.53 16.94 18.52 20.86 23.15 25.69 28.74 29.86 28.51 28.08 28.63 28.27 26.86 25.38 24.63 24.76 25.59 25.53 23.94 22.38 21.67 21.37 20.82 20.51 20.28 19.62 19.65 20.52 21.20 21.63 22.30 23.02 23.85 24.96 26.06 27.10 28.26 29.36 30.74 31.88 32.57 33.61 34.42 34.93 35.66 35.61 35.11 35.22 35.14 35.42 34.61 32.66 33.63 34.51 33.49 34.07 32.39 27.94 25.49 24.22
18.23 21.60 23.93 24.95 26.36 30.12 36.57 46.05 53.22 49.54 38.07 31.31 31.71 32.03 29.67 26.19 22.49 19.84 18.18 18.40 20.38 22.88 24.60 26.72 29.14 29.04 27.78 27.76 27.98 27.74 27.22 26.04 24.68 24.77 25.43 25.00 23.82 22.95 22.35 21.70 21.71 21.89 21.29 20.59 20.53 21.08 21.49 21.96 22.63 23.12 23.62 24.48 25.95 27.30 27.66 28.89 31.05 31.89 32.46 33.45 33.98 34.61 34.89 34.63 34.50 34.31 34.54 33.95 32.16 32.04 32.23 31.85 33.48 33.46 30.44 27.51 25.12
17.25 18.69 21.28 23.53 25.58 29.32 33.80 41.31 50.28 51.32 41.53 32.75 32.67 33.46 32.26 30.09 26.66 23.69 21.67 20.04 20.50 23.06 24.64 25.15 27.24 28.47 27.42 26.65 26.37 26.58 27.42 27.43 26.31 25.29 24.97 24.89 24.46 23.82 23.14 22.35 22.09 22.33 22.33 21.73 20.97 21.02 21.36 21.66 22.51 23.11 23.21 23.56 24.68 26.44 27.01 27.51 29.65 31.13 31.63 32.37 33.14 34.11 34.83 34.90 34.69 34.41 34.27 33.63 32.25 31.24 30.47 29.97 31.60 32.61 31.02 28.71 26.31
20.56 19.93 21.53 23.69 25.59 28.37 31.76 37.22 46.86 52.20 45.49 35.80 35.09 35.75 35.66 35.33 31.54 26.62 24.62 23.25 22.68 24.55 25.92 25.26 25.85 27.58 27.50 26.44 25.56 25.11 25.92 26.83 27.03 26.56 25.53 24.63 24.32 24.11 23.52 22.90 22.50 22.29 22.33 22.05 21.44 21.27 21.33 21.36 22.16 23.01 23.12 23.21 23.73 25.14 26.29 27.02 28.48 29.97 30.85 31.38 32.09 33.34 34.45 34.88 34.87 34.62 34.41 33.79 32.64 31.46 30.24 29.18 29.87 30.88 30.12 28.62 27.11
21.97 21.32 22.53 24.42 25.99 27.42 28.81 31.48 40.50 50.77 49.72 42.48 41.57 42.34 42.82 44.46 43.24 36.86 31.44 29.04 27.88 28.53 28.65 27.17 26.05 26.91 28.23 28.45 27.51 26.10 25.76 26.08 26.53 27.13 26.82 25.35 24.22 24.10 23.89 23.40 23.22 22.94 22.62 22.08 21.53 21.80 21.84 21.41 21.85 22.63 22.78 22.85 23.22 24.04 25.05 26.30 27.66 28.83 29.73 30.12 30.68 31.95 33.34 34.15 34.47 34.45 34.46 33.92 32.50 31.33 30.55 29.41 29.20 29.65 28.86 27.47 26.61
