build/dem_45_30_100m_vel.asc
ncols	240
nrows	240
xllcorner	268962.000000
yllcorner	5401414.000000
cellsize	100.000000
NODATA_value	-1.000000
[rows 204 to 237 of 240, columns 154 to 230 of 240]
20.70 21.04 22.18 22.57 22.64 22.92 22.95 22.20 20.10 17.15 15.46 15.45 15.75 15.58 15.37 16.03 17.15 17.24 15.88 14.38 14.53 15.87 16.51 17.42 20.51 23.76 26.23 28.75 29.38 31.50 38.36 40.52 38.58 37.66 38.19 41.04 45.52 52.68 61.96 62.40 55.38 49.25 43.08 34.40 24.13 19.30 16.89 14.41 13.20 13.21 13.38 13.59 14.48 16.38 18.92 21.15 22.97 25.20 26.12 29.23 39.33 54.23 66.93 65.02 52.62 42.39 38.64 39.19 38.71 35.63 32.78 28.85 23.93 22.61 22.72 23.20 24.05
21.73 21.87 22.71 23.44 23.75 23.59 23.62 23.59 22.21 19.85 17.79 16.19 15.23 14.71 14.45 15.03 16.08 16.88 16.56 15.02 14.17 14.82 15.37 15.88 18.12 20.43 22.54 26.03 27.90 30.39 36.56 37.97 35.90 35.11 34.67 35.72 38.47 42.61 53.68 63.41 61.31 53.32 46.84 40.30 29.91 20.69 16.88 14.73 13.47 13.24 13.35 13.31 13.45 14.89 17.05 19.08 21.69 25.02 26.56 27.54 32.60 42.53 59.78 68.06 58.74 44.18 37.21 37.01 37.49 35.71 34.13 30.94 26.30 23.73 22.59 22.87 24.28
22.49 23.30 23.76 24.24 24.97 24.58 24.00 24.28 23.63 21.75 20.11 18.26 16.36 15.22 14.74 15.04 15.85 16.54 16.41 14.81 13.46 13.75 14.43 14.67 16.09 16.93 17.68 21.63 24.74 28.20 35.09 36.01 32.42 31.18 31.26 30.71 31.03 33.69 42.17 57.16 63.45 58.04 49.69 42.78 33.44 22.81 17.50 15.33 14.09 13.50 13.62 14.02 14.15 14.89 16.54 17.67 19.43 22.59 25.01 25.95 28.93 33.32 46.74 65.26 65.15 51.01 38.17 35.23 35.09 33.71 33.14 30.94 28.51 26.88 24.61 22.60 22.87
21.78 23.18 24.13 24.27 25.29 25.57 24.99 25.27 25.12 23.51 21.67 19.49 16.53 14.60 14.59 15.79 17.11 17.91 17.68 15.58 13.64 13.80 14.72 15.15 16.20 16.57 16.37 18.82 22.35 25.76 32.08 35.71 33.45 30.81 31.21 31.57 31.22 31.52 36.33 49.51 60.73 62.29 55.47 45.93 35.42 24.84 19.02 15.70 14.31 13.89 14.02 14.92 15.74 16.07 16.94 17.40 18.36 21.40 24.30 25.97 29.20 30.53 37.08 58.62 68.37 59.42 44.15 36.89 34.90 33.52 33.51 31.26 28.44 27.18 25.71 23.54 22.61
22.10 23.07 24.17 24.09 24.85 25.38 25.08 25.55 25.84 24.86 23.26 21.13 17.77 14.29 12.96 14.20 16.72 18.72 19.36 17.49 14.82 14.29 15.17 15.69 16.38 16.73 16.26 17.10 19.86 22.83 26.82 31.69 33.08 30.63 29.29 29.81 30.18 29.70 31.46 41.34 53.96 62.40 61.50 52.65 40.25 27.99 21.63 17.33 15.42 14.98 15.16 16.13 17.35 17.59 17.63 17.57 18.28 21.14 24.05 26.56 29.72 30.39 32.17 48.52 66.17 65.32 50.70 39.66 35.04 32.83 33.24 32.99 29.86 27.18 25.98 24.87 24.18
24.58 24.71 25.36 25.30 25.75 25.50 24.40 24.71 25.30 24.95 24.12 22.81 20.63 16.95 12.54 11.12 13.48 17.57 19.76 18.72 16.06 14.71 15.35 16.04 16.18 16.32 16.03 16.39 18.28 20.33 22.87 25.88 28.08 28.49 26.82 25.88 26.51 27.09 28.35 34.64 45.66 57.26 63.28 59.37 48.58 35.99 27.32 21.45 17.78 16.54 16.43 17.33 18.98 19.93 19.69 18.81 18.68 20.46 22.43 24.69 28.28 30.62 31.75 39.04 58.63 66.94 56.47 42.47 34.19 29.64 28.43 29.50 28.82 26.69 25.72 25.33 25.42
28.13 28.22 28.10 27.62 27.89 27.33 25.67 25.29 25.24 24.74 24.28 23.30 21.82 19.35 14.69 10.82 10.84 15.19 19.40 19.11 16.77 15.22 15.38 16.54 17.13 17.22 17.04 17.17 18.45 19.67 21.04 22.96 24.10 25.53 26.36 25.48 25.09 25.87 27.51 32.60 38.98 48.33 59.19 61.13 55.03 44.69 34.80 25.91 20.09 18.12 17.38 18.01 20.01 22.31 22.98 22.05 20.87 20.78 21.13 21.99 26.00 30.17 33.18 37.32 50.74 64.89 59.56 45.66 36.66 30.02 25.73 25.05 25.27 24.47 23.55 23.27 24.41
32.35 32.61 31.58 30.13 30.08 29.62 28.22 27.60 26.82 25.61 24.89 23.85 22.36 20.92 17.71 13.18 10.80 12.41 18.28 19.48 17.06 15.50 15.13 16.10 17.40 18.29 18.65 18.60 19.31 20.14 20.67 21.35 21.79 22.53 23.92 24.53 24.30 24.62 26.49 32.08 35.51 41.08 52.55 57.82 56.29 50.00 41.14 31.17 23.41 20.24 18.64 18.35 19.26 21.81 23.82 24.02 23.47 23.25 22.92 22.76 25.38 28.84 32.71 37.21 47.66 62.53 60.04 48.01 41.64 36.26 31.26 26.89 24.43 24.27 23.20 21.91 23.15
33.60 34.07 33.64 31.97 31.63 30.91 29.33 29.19 28.98 27.39 25.95 24.90 23.66 22.50 20.20 16.15 12.33 11.50 16.31 19.79 18.01 15.91 15.01 15.04 16.00 17.79 19.53 19.93 20.36 21.13 21.45 21.25 21.31 21.71 21.37 21.83 23.29 24.48 27.28 32.19 34.47 38.89 48.80 54.92 55.56 51.91 45.40 36.96 28.26 23.05 19.88 18.13 17.64 19.20 21.98 23.32 24.21 25.71 25.88 25.32 26.61 28.25 31.15 35.35 45.07 60.57 61.13 51.46 46.29 43.26 40.64 35.07 28.03 26.29 25.63 24.38 24.65
32.59 33.45 33.90 32.71 32.73 32.30 30.30 29.69 30.11 29.10 27.33 25.99 24.80 23.61 21.66 18.17 14.17 12.02 14.39 19.17 19.80 17.53 15.84 15.14 15.13 16.56 19.34 21.06 21.53 22.17 22.64 22.35 22.23 22.37 21.00 20.11 21.32 23.95 28.24 31.99 33.36 36.60 45.37 53.72 57.43 55.25 48.89 40.82 33.00 27.40 22.16 18.37 17.33 18.25 20.77 23.04 24.69 26.97 28.04 28.02 29.01 29.53 30.61 33.54 40.73 56.40 62.83 58.03 54.24 52.57 51.07 45.40 36.61 32.08 28.74 27.43 27.70
32.12 32.55 33.32 32.51 32.89 33.17 31.52 30.08 30.23 30.17 29.04 27.43 25.89 24.67 22.72 19.13 15.07 12.23 12.55 16.56 19.88 19.40 17.09 15.58 15.04 15.53 17.89 20.74 21.83 22.44 23.14 23.25 23.28 23.04 21.20 19.59 19.32 20.83 26.10 29.72 29.99 30.77 36.06 46.09 55.71 58.52 52.94 43.88 36.31 32.05 26.87 20.78 18.54 18.48 19.95 21.88 23.58 25.91 27.65 28.56 30.24 30.44 29.72 31.16 35.76 46.75 58.07 60.85 60.63 61.17 62.53 58.48 48.51 41.23 34.09 30.34 30.78
31.23 31.13 31.74 30.93 31.22 31.87 31.07 30.10 29.86 29.79 29.56 28.68 27.11 26.12 24.99 21.83 17.47 13.61 12.00 13.77 17.90 20.00 18.28 15.92 15.16 15.34 16.83 19.49 20.99 21.76 22.68 23.29 23.93 23.97 21.81 19.41 18.36 17.92 21.46 26.57 26.61 25.93 28.51 34.09 46.62 56.85 55.35 46.57 37.57 34.35 31.50 25.59 21.11 19.25 19.14 19.29 19.76 22.02 23.90 24.76 28.27 29.45 27.99 28.62 32.12 37.91 46.14 53.34 54.90 55.84 62.77 67.35 60.80 48.99 38.75 32.87 32.52
31.88 31.04 30.84 29.83 30.08 30.72 30.33 30.02 29.98 29.45 29.16 29.09 28.28 27.62 27.55 26.09 22.48 17.32 12.97 12.80 16.29 19.83 19.55 17.33 16.07 15.90 17.01 19.36 20.87 21.65 22.59 23.02 23.76 24.73 23.39 20.83 19.38 17.96 18.79 23.57 25.31 24.82 26.25 28.76 38.24 52.04 56.10 48.89 38.34 34.55 33.52 29.20 23.90 20.61 19.38 18.90 18.57 19.54 21.08 21.77 25.01 28.42 28.43 29.52 32.37 35.31 39.62 45.16 46.00 43.97 50.59 65.72 69.60 58.82 44.45 34.46 31.43
33.56 31.40 30.47 29.19 29.53 30.20 29.78 29.65 30.15 30.06 29.44 28.83 28.21 27.81 27.87 27.81 26.22 21.75 15.63 12.88 14.63 18.74 19.70 18.10 16.89 16.37 16.95 18.90 20.69 21.92 23.11 23.31 23.37 24.53 24.72 23.28 21.64 19.45 18.48 20.48 22.10 22.64 23.83 24.21 29.83 45.03 54.56 51.96 42.06 35.06 33.50 31.16 26.42 22.06 20.24 20.07 19.80 19.60 20.30 20.99 22.96 26.35 29.07 31.38 32.89 33.72 36.30 41.52 42.36 38.93 40.38 53.54 68.09 67.47 55.31 41.08 32.47
33.71 30.97 29.60 27.86 28.17 29.38 29.36 29.12 29.47 29.91 29.90 28.88 27.28 26.32 26.00 26.29 26.64 25.04 20.39 14.83 12.91 15.84 18.02 17.59 17.08 16.75 16.95 18.12 19.55 21.30 23.16 23.71 23.32 23.87 24.89 24.74 23.69 21.60 19.82 19.59 18.84 18.74 21.79 22.00 24.35 38.56 49.67 50.88 43.82 36.04 33.10 31.92 28.74 23.99 21.27 20.65 20.51 19.98 19.41 19.53 21.17 23.66 28.43 32.61 32.22 31.43 33.05 38.07 39.98 37.37 36.06 42.26 58.85 68.48 64.08 51.08 38.25
33.94 31.71 29.96 27.85 27.55 28.88 29.41 29.18 29.20 29.45 29.69 29.22 27.51 25.64 24.61 24.13 24.44 25.17 24.06 19.47 14.25 13.28 15.02 16.17 16.68 16.84 17.17 18.15 19.17 20.86 22.99 23.75 23.50 24.00 25.31 25.75 25.18 23.90 22.33 21.26 19.21 17.62 20.72 22.57 24.33 35.36 45.30 46.79 42.49 37.31 33.99 32.67 31.32 27.47 23.30 20.95 20.32 20.30 19.80 19.72 21.20 23.35 29.05 33.35 32.83 31.46 31.64 35.34 37.68 36.30 34.27 35.95 49.35 63.62 68.40 61.22 47.47
35.27 33.26 31.39 28.98 27.78 28.56 29.36 29.37 29.47 29.68 29.53 29.27 28.48 26.82 25.27 23.76 22.53 23.02 24.62 24.30 19.88 14.78 13.44 14.23 15.42 16.33 16.91 17.82 18.52 20.07 22.95 24.06 23.68 24.26 25.79 26.65 26.33 25.54 24.70 23.70 21.76 19.29 19.78 21.88 25.50 34.83 41.88 42.68 40.19 37.26 34.48 32.37 31.41 29.04 24.92 21.36 19.51 19.48 20.13 20.65 21.65 23.83 28.79 32.25 32.01 31.46 30.62 32.04 33.30 31.83 29.50 29.22 38.23 53.03 66.10 68.44 58.91
36.12 34.12 32.16 29.40 27.54 27.91 29.09 29.66 29.87 30.24 30.25 29.91 29.39 28.34 26.84 25.05 23.01 21.83 22.86 25.44 25.46 21.38 16.89 14.50 14.15 15.18 16.14 16.86 16.94 17.92 21.75 24.07 23.87 24.03 25.37 26.59 26.75 26.33 26.05 25.46 24.35 22.51 20.94 20.13 24.04 34.80 39.77 38.29 36.35 34.65 32.35 29.77 28.53 27.10 24.41 21.56 18.81 17.20 17.73 19.16 20.80 23.89 27.50 29.21 28.89 28.75 29.29 29.48 28.54 26.88 24.74 24.19 29.55 39.33 54.78 66.74 65.61
36.60 34.73 32.57 30.03 28.45 28.09 28.71 29.78 30.45 30.84 31.19 31.13 30.27 28.93 27.20 25.22 23.61 21.90 21.22 23.36 26.10 25.78 22.47 18.27 15.24 15.18 16.53 17.23 16.77 16.91 19.81 23.09 24.27 24.68 25.49 26.46 26.59 26.27 26.48 26.39 25.91 25.48 24.08 20.81 21.86 32.87 38.71 36.54 33.98 32.59 30.69 28.37 27.56 26.88 25.15 23.11 19.94 16.43 14.86 16.39 20.49 24.42 26.94 28.11 28.15 27.45 27.88 29.08 27.99 25.48 23.24 22.59 26.15 32.71 43.96 58.85 66.39
36.40 34.97 32.36 29.71 29.02 28.89 28.93 29.83 30.88 31.22 31.29 31.70 31.51 30.25 28.02 25.28 23.98 22.72 21.17 21.70 23.87 25.48 25.05 22.38 18.69 16.60 17.22 18.63 18.29 17.48 18.85 21.67 24.13 25.64 26.31 26.81 26.57 25.61 25.46 25.84 26.05 26.68 26.70 23.51 22.55 29.98 35.83 35.37 33.17 31.50 29.99 27.90 26.77 26.45 25.73 24.58 22.23 18.52 14.91 14.53 19.51 23.61 25.43 26.83 27.46 27.21 26.64 27.39 27.86 25.56 22.53 21.51 23.86 28.33 35.25 47.45 60.83
36.58 35.12 31.58 27.63 27.22 28.30 29.26 30.13 31.22 32.05 31.85 31.89 32.42 32.31 30.34 27.07 25.61 24.36 22.15 21.60 22.64 23.88 24.70 23.95 21.24 17.67 16.11 17.90 19.23 18.41 18.42 20.02 22.60 25.33 26.82 27.51 27.24 25.78 24.55 24.41 25.15 26.80 28.18 26.58 25.08 28.57 32.15 32.48 31.67 29.93 28.51 27.22 25.66 24.55 24.15 23.47 22.44 20.69 17.66 16.23 18.33 21.20 22.93 24.31 25.29 26.19 25.87 25.17 25.93 25.23 21.79 19.27 20.68 24.24 28.19 36.37 50.38
39.09 36.97 32.84 27.19 25.64 26.53 28.13 29.67 31.17 33.15 33.61 32.51 31.87 32.43 31.73 29.09 27.65 26.58 24.28 22.96 23.12 23.58 24.29 24.45 23.10 19.85 16.35 16.38 19.06 19.52 18.63 18.73 20.55 23.99 26.47 28.12 28.69 27.68 26.13 24.73 24.31 26.06 28.72 28.98 27.72 28.58 30.51 30.74 30.22 29.26 27.55 26.58 26.06 25.16 24.08 22.55 21.52 21.29 20.47 19.73 19.75 20.20 21.36 22.67 23.79 25.16 25.61 24.94 25.06 24.89 22.02 18.79 19.08 22.25 24.99 29.71 40.88
41.95 40.55 36.42 29.63 26.84 26.72 27.62 28.87 30.22 32.90 35.10 34.58 32.61 32.15 32.02 30.48 29.16 28.12 26.33 24.73 23.88 23.57 23.98 24.60 24.42 22.45 18.45 15.90 17.44 19.51 18.96 17.73 18.32 21.63 24.74 27.10 28.87 28.85 28.11 26.87 24.97 25.24 28.43 30.35 29.94 29.30 29.62 29.86 29.43 28.92 27.51 25.99 25.96 26.30 25.12 22.66 21.13 21.01 21.19 21.66 21.93 21.34 21.16 21.79 22.60 23.87 24.93 24.76 24.62 24.56 22.54 19.52 18.29 20.33 23.44 26.85 32.73
42.48 43.31 40.56 34.11 30.23 28.77 28.28 28.14 28.52 31.11 34.83 36.56 35.41 33.52 32.07 30.70 29.56 28.03 26.47 25.58 24.15 22.55 22.33 23.08 23.99 23.75 20.42 15.89 15.02 17.84 18.92 17.48 16.92 18.89 21.79 24.69 27.40 28.09 28.04 28.31 26.85 25.61 27.63 30.38 31.55 30.88 29.22 28.38 28.26 28.09 27.12 25.72 25.62 26.44 25.70 23.03 20.98 20.61 20.73 21.40 22.38 22.44 21.85 21.62 22.03 22.78 23.80 24.09 24.09 24.05 22.06 19.32 17.82 18.49 21.18 25.87 28.37
40.77 42.69 42.46 37.41 32.87 30.44 28.86 27.69 26.93 28.36 32.24 35.85 37.05 36.19 33.74 31.17 29.79 27.88 26.18 26.11 25.10 22.67 21.39 21.25 22.41 24.09 23.15 18.77 15.56 16.77 18.98 18.71 17.64 17.76 19.20 22.25 25.97 27.55 27.90 28.81 28.49 27.30 27.66 29.50 31.92 32.91 31.09 28.56 27.52 27.62 27.08 26.06 26.21 26.57 25.76 23.70 21.54 20.82 20.81 21.04 21.77 22.11 22.06 21.97 21.90 22.35 23.22 23.44 23.68 23.90 22.31 19.74 18.14 17.79 19.00 24.52 26.72
38.19 39.91 40.70 37.54 34.18 32.34 30.60 28.61 26.08 24.77 26.90 31.48 35.03 37.02 36.71 34.28 31.90 29.26 26.84 26.57 26.15 24.34 22.77 21.02 20.45 22.45 24.17 22.13 18.05 16.54 17.96 18.85 18.36 17.78 17.75 19.51 23.00 25.81 27.44 28.91 29.25 28.92 29.00 29.24 30.53 32.48 32.49 30.20 27.91 27.57 27.75 27.31 27.23 26.90 25.73 24.23 22.47 21.47 21.35 21.39 21.78 21.85 21.91 22.15 21.70 22.00 23.04 22.90 22.96 23.42 22.29 19.84 17.97 17.41 18.80 23.27 25.71
35.61 37.59 37.93 35.96 34.18 33.05 31.72 30.24 27.25 23.64 22.50 24.87 29.32 33.39 36.25 37.16 36.03 33.29 30.03 28.32 27.09 25.74 25.11 23.01 20.41 20.74 22.90 23.00 20.21 17.39 16.99 17.61 17.32 16.93 16.38 16.71 18.66 21.19 24.29 26.97 27.65 28.10 29.65 30.33 30.35 30.85 31.23 30.06 27.91 27.26 28.05 28.68 28.35 27.39 26.19 24.74 23.00 21.86 21.54 21.46 21.79 21.83 21.77 21.91 21.37 21.45 22.50 22.36 22.11 22.41 21.70 19.97 18.20 17.02 18.17 22.27 24.67
34.13 36.13 36.46 35.46 34.99 34.38 33.41 33.23 32.10 28.90 25.39 23.17 23.75 27.30 30.99 34.55 36.84 36.90 34.97 32.40 29.53 27.26 27.00 26.10 23.43 22.02 22.74 23.07 21.55 19.26 18.03 17.75 16.52 15.58 15.57 15.59 16.36 18.24 21.89 25.54 25.85 25.84 28.68 30.89 31.94 32.17 31.12 29.36 27.42 26.92 28.02 29.11 28.84 27.59 26.70 25.62 23.70 22.50 22.02 21.56 21.89 22.25 22.27 22.14 21.47 21.47 22.30 22.14 21.63 21.38 20.69 19.44 17.91 16.54 17.14 21.18 23.64
32.88 34.33 34.65 34.66 35.26 35.01 34.14 34.38 35.03 34.67 32.72 28.35 23.10 21.93 24.50 27.68 31.20 34.11 35.40 34.60 31.70 28.23 26.86 26.53 25.05 23.37 23.00 22.97 22.08 20.78 19.78 18.94 17.15 15.33 14.94 15.15 15.23 16.01 18.75 23.34 24.49 23.62 26.06 28.48 30.42 33.07 32.65 29.81 27.56 27.09 28.16 28.87 28.60 27.47 26.81 26.25 24.44 23.16 22.57 21.69 21.91 22.63 22.93 22.90 22.25 22.30 22.94 22.83 22.44 21.63 20.51 19.42 17.85 15.85 15.30 18.38 21.04
30.51 31.63 31.32 31.63 33.39 33.32 31.44 31.00 31.91 33.35 34.86 33.95 28.61 22.10 20.29 22.04 24.44 27.73 31.31 33.10 31.59 28.11 26.19 25.80 25.04 23.94 23.19 22.89 22.41 21.86 21.38 20.36 18.52 16.28 15.07 15.27 15.25 14.93 16.09 19.92 22.30 21.92 23.77 25.59 26.25 30.03 31.96 29.78 28.18 28.38 28.56 28.31 28.09 27.29 26.73 26.44 25.00 23.48 22.63 21.43 21.17 21.82 22.44 22.86 22.30 22.25 22.96 23.21 23.02 21.96 20.77 20.07 18.83 16.48 15.06 16.25 17.77
28.04 29.03 28.44 28.29 30.80 32.51 31.07 29.50 29.09 29.51 31.75 34.21 33.54 28.47 22.36 20.55 22.09 24.44 27.65 30.74 31.01 28.70 26.91 26.50 26.08 25.20 24.19 23.55 23.05 22.69 22.38 21.61 19.95 17.83 16.48 16.30 16.33 15.81 16.25 18.84 20.42 20.57 22.77 24.47 24.55 26.91 29.03 27.77 27.67 29.63 29.40 28.27 27.91 27.29 26.84 26.80 25.94 24.40 23.31 21.86 21.04 21.10 21.53 22.45 22.17 21.81 22.31 22.76 22.89 21.70 19.74 18.86 18.75 17.42 15.85 15.90 15.54
25.79 26.66 26.39 25.80 27.56 30.68 31.81 31.14 29.82 28.84 30.04 32.25 34.10 33.99 29.12 23.50 22.32 23.27 25.09 27.67 28.69 27.54 26.32 25.99 26.28 25.84 24.75 24.24 24.06 23.84 23.31 22.64 21.27 19.10 17.78 17.46 17.53 17.34 17.42 18.57 19.15 19.57 21.61 22.57 23.04 25.67 27.36 26.00 26.36 29.02 29.51 28.66 27.98 27.20 26.66 26.65 26.42 25.43 24.33 22.72 21.52 20.83 20.65 21.69 21.63 21.06 21.44 21.89 22.50 22.16 19.92 18.04 17.91 17.47 16.35 16.12 13.96
22.97 23.88 24.24 23.96 24.39 26.31 28.67 30.22 29.82 28.12 28.74 30.16 31.41 34.07 33.32 28.89 25.56 24.35 24.71 25.64 25.73 25.72 25.72 25.41 25.63 25.77 25.06 24.67 24.80 24.96 24.51 23.74 22.57 20.35 18.81 18.60 18.78 18.82 18.78 19.02 19.29 19.59 20.29 19.37 19.22 22.96 25.34 24.88 25.32 26.98 27.86 28.30 27.67 26.72 26.20 25.84 25.81 25.65 24.85 23.32 22.33 21.14 20.67 21.64 21.08 20.20 20.58 20.78 21.38 22.16 20.86 18.60 17.64 17.55 17.69 17.49 14.19
21.42 22.59 23.76 23.87 23.67 24.28 25.69 27.57 28.03 25.87 25.41 26.60 27.67 30.49 32.44 31.31 29.32 27.74 26.95 26.59 25.46 25.07 25.89 26.11 25.87 25.87 25.45 24.88 25.03 25.45 25.27 24.75 23.86 21.95 20.13 19.55 20.02 20.37 20.06 19.93 20.38 20.48 20.07 18.35 17.95 20.72 22.36 23.10 24.71 25.01 25.13 27.03 26.82 25.85 25.93 25.27 24.91 25.40 24.94 23.21 22.63 21.78 21.65 22.87 21.69 20.46 20.79 20.32 20.20 21.31 21.10 19.36 17.93 17.52 18.63 19.32 16.74
