build/dem_45_30_100m_vel.asc
ncols	240
nrows	240
xllcorner	268962.000000
yllcorner	5401414.000000
cellsize	100.000000
NODATA_value	-1.000000
[rows 0 to 33 of 240, columns 77 to 153 of 240]
24.55 24.47 23.72 23.57 24.44 25.41 25.82 26.79 29.19 32.38 36.21 39.56 42.28 45.32 48.55 52.04 55.22 57.30 59.18 60.21 60.32 60.70 60.65 61.13 61.76 61.03 56.55 47.93 37.26 27.62 23.58 22.41 21.91 21.73 21.43 22.47 22.78 22.58 22.85 22.04 22.25 23.51 23.69 23.39 22.89 23.34 24.45 24.35 24.70 24.88 23.32 22.89 23.27 22.36 21.94 21.79 21.23 21.05 20.80 20.39 21.69 23.01 22.91 24.20 25.37 25.64 26.54 28.32 30.45 30.44 31.06 35.96 40.36 42.54 41.76 38.55 35.00
26.98 26.60 25.37 24.29 24.29 24.85 24.69 24.09 24.08 24.67 26.88 30.14 31.72 33.05 35.38 38.45 41.03 42.32 42.78 42.32 43.54 44.44 41.71 44.48 46.10 50.00 52.37 51.38 46.19 37.55 30.88 26.89 23.76 21.11 19.79 20.74 20.43 18.62 18.16 19.17 21.20 22.15 21.76 21.80 21.39 22.09 23.15 22.52 23.07 23.40 21.69 21.64 22.03 20.74 20.38 20.62 20.59 20.43 19.71 18.95 20.11 21.74 21.85 23.02 24.61 25.06 25.39 26.63 29.17 29.64 27.87 28.45 31.75 35.73 38.87 38.82 36.43
30.74 30.21 28.63 26.53 25.01 24.40 23.59 21.92 20.14 18.34 17.42 18.26 19.25 19.51 20.19 20.96 22.28 24.41 24.77 24.71 25.80 26.83 26.53 26.41 27.56 31.70 40.69 49.70 53.97 51.69 46.08 40.41 34.35 29.02 23.52 20.93 19.60 16.71 16.72 19.29 20.85 19.56 19.61 21.41 21.35 21.88 22.42 21.59 22.59 22.79 19.81 18.96 19.07 17.79 18.11 19.36 20.00 19.93 18.67 17.36 17.95 19.06 19.40 20.66 22.75 23.67 23.49 24.34 26.92 27.95 25.28 22.12 21.84 26.36 33.35 36.90 36.42
31.08 31.08 29.95 28.20 26.20 24.48 23.20 21.85 20.29 18.44 16.52 15.45 15.18 15.37 16.33 16.25 16.41 19.22 20.26 20.36 22.02 23.09 23.86 25.35 25.32 25.60 30.04 38.16 47.85 53.50 53.53 50.86 46.40 40.40 32.98 25.88 22.40 19.78 19.99 22.88 22.42 18.70 18.99 21.42 21.98 22.29 21.75 21.25 22.95 22.79 18.82 17.06 17.62 16.32 16.50 18.85 20.25 20.80 19.87 17.82 17.32 16.97 16.73 18.01 20.19 21.80 22.08 22.99 25.22 26.50 25.78 23.47 21.11 22.69 29.44 33.54 32.64
30.70 30.93 30.29 29.06 27.18 25.00 23.17 21.39 19.59 18.08 16.47 14.76 13.24 12.47 13.06 12.97 12.43 13.99 15.41 15.78 17.40 18.77 19.33 21.63 23.43 23.42 25.06 28.28 35.23 45.05 50.84 53.22 53.39 50.97 44.18 34.89 29.21 25.90 24.81 25.26 22.91 19.81 20.52 22.20 22.50 23.01 22.38 21.58 23.05 22.59 18.56 17.05 17.40 15.56 14.64 17.27 19.74 20.86 21.12 19.74 18.46 16.81 15.10 15.69 17.66 19.55 20.58 21.54 23.55 25.13 25.49 24.78 22.44 21.74 26.48 31.29 29.81
31.21 31.39 31.17 30.62 28.87 26.36 24.56 22.38 19.72 18.05 16.64 14.88 13.21 12.00 11.54 11.03 10.46 11.25 12.52 13.62 15.06 16.07 16.77 18.35 20.13 21.50 23.20 24.54 27.10 33.74 41.55 47.80 52.18 54.76 50.96 41.50 37.13 35.89 34.48 30.91 26.28 23.52 24.72 26.44 25.11 23.47 23.44 22.77 22.97 22.20 18.85 18.40 18.82 17.40 16.03 17.19 19.71 21.26 21.52 20.92 20.84 19.27 15.61 14.66 15.81 17.34 18.96 20.51 22.24 23.60 24.32 24.69 23.64 22.31 24.86 30.01 30.06
31.91 31.65 31.39 31.45 30.54 27.80 25.91 23.98 20.87 18.72 17.01 14.80 13.14 12.08 11.20 10.58 10.24 10.38 10.64 11.41 12.77 13.50 14.27 16.30 18.18 20.01 22.80 24.29 25.62 29.67 35.34 42.33 49.15 54.75 55.28 48.51 44.17 45.17 45.16 40.83 33.28 27.89 27.78 30.15 29.68 25.40 24.30 24.35 23.84 22.26 18.98 18.56 19.11 18.46 18.41 18.95 20.28 22.27 22.43 21.05 21.74 22.11 19.44 16.76 15.86 16.06 17.48 19.59 21.67 22.89 23.33 23.87 23.79 22.83 23.84 28.48 30.76
33.51 32.80 31.91 31.43 31.27 29.27 26.72 24.77 22.31 20.20 18.14 15.31 13.40 12.44 11.37 10.47 9.99 9.89 9.69 10.04 11.27 11.98 12.82 14.75 16.44 18.08 21.01 23.33 24.33 27.11 31.07 37.16 44.78 51.11 54.60 52.52 48.90 49.46 52.87 53.32 46.95 38.41 34.53 34.74 34.74 30.75 26.45 25.22 25.41 23.35 19.23 18.36 18.40 18.22 19.56 21.29 22.21 23.38 23.74 22.00 21.32 21.85 21.83 21.28 19.57 17.68 17.75 19.30 21.40 22.73 23.25 23.90 24.02 23.20 22.68 25.34 29.71
35.52 35.55 34.72 32.97 32.13 30.82 28.16 25.32 23.28 21.90 20.04 17.21 14.75 13.22 11.66 10.45 9.84 9.64 9.32 9.20 10.04 10.28 10.79 12.70 13.50 14.69 17.88 20.86 22.41 23.58 26.19 30.83 37.66 43.75 47.70 48.00 45.39 44.99 50.47 57.28 58.21 53.42 47.92 44.21 41.02 36.82 30.76 26.57 27.31 27.09 22.48 20.22 19.38 19.68 21.75 24.78 27.28 27.88 26.90 25.20 23.50 21.36 20.32 21.53 22.23 21.23 20.31 20.51 21.67 22.50 23.00 24.02 24.52 23.88 22.73 22.91 26.45
36.26 37.17 37.16 35.44 33.74 32.19 29.53 25.88 23.14 22.14 20.74 18.50 16.49 14.44 12.33 10.92 10.28 9.88 9.43 9.10 9.36 9.22 9.60 11.60 11.98 12.42 15.25 18.18 20.41 21.44 22.55 25.63 30.77 36.60 41.87 43.34 40.63 37.69 39.56 48.78 56.60 57.78 55.28 52.89 49.53 44.38 37.04 28.82 27.63 28.90 27.27 24.29 21.86 20.99 21.95 24.27 27.86 30.66 30.51 28.55 26.98 23.70 19.40 18.45 19.35 20.15 20.63 21.07 22.18 22.66 22.58 23.55 24.66 24.69 23.79 22.79 23.82
36.70 38.57 39.04 37.62 35.71 33.84 30.88 26.74 23.44 22.14 20.63 18.71 17.66 15.69 13.02 11.62 10.95 10.16 9.59 9.21 9.11 8.89 9.11 10.51 10.98 11.07 12.86 15.38 17.76 19.45 20.22 22.09 25.63 29.89 35.78 39.96 39.23 35.27 32.13 36.17 46.80 53.25 54.34 55.09 55.59 52.98 46.41 37.20 31.00 29.10 28.45 27.65 24.88 21.75 20.83 21.52 24.54 29.17 32.08 31.65 29.77 26.62 21.63 18.01 15.93 15.87 17.87 19.73 21.63 22.88 22.69 23.14 24.22 24.91 24.70 23.79 23.54
38.07 40.73 42.77 41.70 38.82 36.54 33.86 29.04 25.32 24.24 21.83 19.33 18.99 17.26 14.09 12.72 11.96 10.68 9.87 9.67 9.52 9.19 9.17 9.94 10.35 10.34 11.20 12.77 14.74 16.67 18.24 20.13 22.53 25.02 28.39 32.94 35.06 33.10 29.21 27.87 34.20 45.43 49.29 50.48 53.94 56.19 53.60 47.48 41.33 33.33 27.50 27.19 25.63 21.58 20.37 20.62 22.14 25.84 30.48 33.45 33.00 29.71 25.75 22.63 18.22 15.19 16.79 18.97 20.58 22.46 23.09 23.25 23.74 24.41 24.47 23.87 23.63
37.99 40.06 44.21 45.67 42.40 38.63 36.45 31.83 26.72 26.32 24.34 20.41 20.43 19.49 16.24 14.47 13.29 11.51 10.29 10.24 10.17 9.48 9.20 9.86 10.35 10.33 10.85 11.67 12.89 14.63 16.24 18.58 20.94 22.31 24.32 27.61 29.98 29.87 27.77 25.62 27.75 37.07 43.57 45.04 48.18 53.20 54.64 51.57 48.04 41.58 31.48 27.72 26.35 22.15 20.17 19.87 20.20 22.03 26.04 31.58 34.32 32.21 28.45 26.91 23.48 18.26 18.04 19.36 20.15 21.57 22.78 23.45 23.79 24.20 24.23 23.64 23.67
38.18 39.79 44.16 47.67 46.66 41.99 38.59 34.27 28.34 27.40 25.93 22.04 21.36 21.28 18.65 16.66 15.32 13.05 11.48 11.07 10.66 9.79 9.39 10.11 10.73 10.54 10.80 11.26 11.95 13.61 14.85 16.81 19.63 20.48 21.53 23.97 25.41 25.66 24.80 23.43 24.69 31.17 38.02 42.29 45.14 48.67 52.04 51.89 49.98 45.36 35.85 29.72 27.56 23.45 21.08 20.23 20.01 20.44 22.30 27.85 33.31 33.51 30.12 28.59 26.45 21.78 20.07 20.31 20.44 21.18 22.25 23.30 23.78 24.05 24.26 23.56 23.68
40.53 41.93 46.05 49.47 51.40 49.46 44.82 39.53 33.92 31.39 28.49 24.96 23.95 23.57 21.91 20.45 19.60 16.86 14.21 12.53 11.15 10.44 10.15 10.43 10.94 10.81 10.87 11.23 11.86 13.20 14.06 15.37 17.48 18.76 19.82 21.11 21.87 21.99 21.23 19.73 20.48 25.76 31.90 38.52 44.16 46.43 49.35 51.78 51.04 45.12 33.64 29.02 26.70 23.32 22.43 21.53 20.32 19.83 19.50 22.83 29.84 33.15 31.33 29.44 27.42 23.31 21.58 21.41 21.11 21.51 22.25 23.16 23.66 23.72 24.15 23.70 23.63
40.81 42.18 45.74 49.61 53.32 54.84 52.21 46.38 40.23 36.56 32.48 27.88 26.38 25.03 22.49 22.21 23.01 21.28 17.81 14.74 12.41 11.78 11.42 10.85 11.04 11.10 10.92 11.29 12.11 13.16 13.80 14.60 15.83 17.09 18.37 19.30 19.64 19.66 19.25 17.85 17.77 21.51 26.47 33.03 41.56 45.82 48.95 53.33 54.20 46.94 34.68 29.87 27.45 23.81 23.40 22.87 21.51 20.59 18.83 18.99 24.30 30.01 31.05 29.95 27.75 23.99 22.55 22.42 21.67 21.67 22.46 23.37 23.79 23.48 23.68 23.54 23.33
33.37 35.66 38.42 42.71 48.33 53.76 55.61 52.23 46.37 41.80 37.43 32.41 30.01 27.19 22.42 21.75 23.99 23.90 20.98 17.59 14.72 13.96 13.16 11.70 11.73 11.50 10.81 11.38 12.54 13.39 13.68 14.06 15.08 15.93 16.64 17.65 17.93 17.63 17.48 16.59 16.10 18.08 21.51 27.22 36.20 42.28 46.71 53.34 57.30 52.53 40.47 33.35 29.84 25.68 23.80 23.01 22.13 21.58 19.91 17.87 19.51 24.69 28.27 29.44 28.03 24.66 23.30 23.21 22.19 21.66 22.52 23.72 24.37 23.96 23.38 22.86 22.37
21.62 23.83 27.03 30.68 36.94 46.08 52.70 53.68 50.65 47.19 43.79 40.00 38.00 34.87 29.50 26.96 26.79 26.79 25.30 22.49 19.50 18.15 16.36 14.03 13.67 12.74 11.00 11.58 13.11 13.60 13.47 13.81 15.07 15.62 15.31 15.96 16.58 16.22 15.66 15.01 14.85 15.88 17.47 21.52 29.99 36.86 42.30 49.89 55.88 55.38 46.17 35.13 30.13 26.58 23.98 22.65 22.22 22.32 21.41 18.87 17.80 19.99 23.08 26.25 26.66 23.86 22.76 23.20 22.76 21.91 22.17 23.44 24.50 24.75 24.43 23.81 22.61
19.88 19.71 21.72 23.83 27.47 36.24 45.25 49.80 50.19 49.18 47.90 45.59 43.91 41.61 37.77 35.14 32.41 29.98 29.37 26.86 23.42 21.87 20.33 17.47 16.21 15.05 12.63 12.20 13.49 13.90 13.50 13.82 15.32 15.81 14.62 14.57 15.50 15.44 14.58 13.66 13.81 15.09 15.55 17.17 23.79 31.22 39.31 48.21 53.90 55.41 49.00 36.89 29.75 26.61 24.35 22.56 22.20 22.96 22.47 20.33 18.65 18.39 18.86 21.35 23.25 22.12 21.62 22.44 22.74 22.20 22.16 23.12 23.84 24.25 24.85 25.63 25.16
26.55 24.76 24.86 24.99 25.60 30.64 38.41 43.92 46.30 47.52 48.74 48.79 47.94 46.42 43.52 41.17 38.34 34.67 33.13 31.07 26.43 23.66 23.04 21.28 19.00 17.52 15.39 13.62 13.64 14.46 14.57 14.44 15.58 16.23 14.63 13.68 14.49 14.61 13.72 12.63 12.60 13.97 14.31 14.72 18.33 24.14 33.44 45.87 54.41 57.68 53.57 41.49 31.00 26.71 24.75 22.81 22.15 23.49 23.82 21.92 20.32 19.21 17.78 18.11 19.46 19.46 19.55 20.49 21.39 21.75 22.29 23.42 23.83 23.33 23.23 24.52 25.67
35.12 34.99 34.94 33.16 31.22 32.17 35.67 39.19 41.26 43.16 46.03 48.71 50.10 49.93 48.49 46.57 43.73 40.36 38.51 36.31 31.97 27.51 25.63 24.60 22.51 20.45 18.53 16.27 14.71 15.15 16.14 15.96 16.20 17.17 15.68 13.51 13.71 13.77 12.76 11.96 11.70 12.09 12.43 13.00 14.97 18.05 24.55 37.43 50.53 59.25 59.99 51.70 39.47 30.83 27.04 24.52 22.78 23.70 24.97 24.14 22.40 21.18 19.65 18.52 18.13 17.73 18.08 19.05 19.85 20.29 21.39 23.23 24.37 23.86 22.65 22.61 23.49
36.61 38.49 40.35 40.12 38.18 36.88 36.82 37.60 37.95 38.85 41.47 44.86 47.99 49.78 50.29 50.01 47.84 44.13 42.07 39.91 35.65 31.93 29.00 26.89 24.60 22.16 20.31 18.32 16.36 15.95 16.77 16.98 17.18 18.53 17.54 14.25 13.47 13.23 12.08 11.68 11.34 10.83 10.65 11.50 13.45 15.29 18.95 27.40 39.46 53.14 61.34 59.41 50.16 38.61 30.96 26.24 22.94 23.13 24.51 25.29 24.64 22.95 21.74 20.49 19.06 17.82 17.92 18.74 19.29 19.53 20.33 22.10 23.94 24.75 24.25 23.63 23.29
30.75 32.11 36.10 39.34 39.86 39.24 38.27 37.44 36.28 35.71 37.43 40.71 44.16 47.29 50.02 52.02 51.80 48.63 46.06 44.15 40.09 36.38 34.17 31.34 27.57 23.81 21.48 19.89 18.16 17.27 17.36 17.33 17.95 19.71 19.44 16.09 14.09 13.14 11.92 11.82 11.31 10.23 9.82 10.31 12.17 14.00 16.36 21.76 29.13 41.78 56.08 61.47 57.14 47.19 37.43 29.89 24.82 23.72 23.62 24.68 25.55 23.90 22.07 21.24 19.86 18.31 18.04 18.45 18.92 19.33 19.86 20.99 22.41 23.84 24.59 24.52 23.87
25.36 25.89 29.22 34.14 37.73 39.08 38.31 36.57 34.02 31.73 32.38 36.53 40.77 43.72 47.39 51.80 54.63 53.68 51.35 49.91 47.68 44.79 42.09 40.08 37.04 31.73 27.03 24.84 22.71 20.60 19.80 19.49 19.65 21.29 21.49 18.85 16.26 14.27 12.66 12.45 11.83 10.30 9.80 9.81 10.74 12.58 14.71 18.51 22.67 30.79 46.30 58.16 60.22 54.14 45.21 35.36 28.88 26.64 24.31 23.96 25.51 24.57 22.29 21.38 19.95 18.25 17.85 17.87 17.93 18.43 19.31 20.40 21.14 21.98 22.94 23.52 23.17
24.50 24.72 26.92 30.33 35.02 38.76 38.79 36.54 32.68 28.10 26.55 30.20 36.49 40.68 43.51 47.63 52.57 54.98 54.08 52.66 51.31 49.54 47.15 45.17 44.32 41.14 35.51 30.96 27.28 24.26 22.69 21.64 21.07 22.30 22.52 20.32 18.54 16.66 14.52 13.65 12.63 10.86 10.23 10.00 9.95 11.18 13.50 17.06 19.98 24.46 35.80 49.93 58.99 58.08 50.49 39.91 31.53 28.90 25.83 23.52 24.64 24.72 22.96 21.62 19.61 17.66 17.31 17.24 16.79 16.93 17.99 19.50 20.54 21.22 21.97 22.98 23.19
25.26 25.18 26.60 29.15 33.05 38.07 39.44 37.55 33.12 25.86 20.58 21.36 27.70 34.80 39.25 42.13 45.84 51.01 53.14 52.71 51.59 49.97 47.95 45.56 44.94 44.73 41.98 38.01 33.40 28.40 26.05 24.55 23.53 24.27 22.67 20.00 19.28 18.10 16.32 15.54 14.10 11.96 11.27 10.85 10.13 10.41 12.14 15.56 18.61 21.56 28.12 39.30 52.99 59.80 55.14 43.87 33.78 29.66 26.61 23.82 23.76 24.01 23.48 22.36 19.96 17.54 17.08 17.06 16.35 16.03 16.73 18.17 19.64 20.65 21.32 22.68 23.72
24.95 24.93 25.95 28.23 32.08 37.23 39.29 38.22 34.82 26.99 18.08 14.98 17.65 24.03 32.19 36.82 39.51 44.58 48.83 50.52 51.18 50.54 48.74 46.03 44.13 44.42 44.71 43.67 41.24 36.92 33.37 31.43 30.47 29.63 24.97 19.93 19.59 18.93 17.21 17.34 16.63 14.47 13.43 12.42 11.34 10.92 11.48 13.74 17.04 20.07 24.31 30.64 42.82 57.36 58.93 48.46 38.15 32.03 27.80 25.86 25.18 24.27 24.28 24.27 22.00 18.58 17.47 17.54 16.73 15.93 16.07 17.00 18.52 19.80 20.38 21.83 23.45
24.72 25.18 25.98 27.35 31.20 37.20 39.58 38.55 36.50 31.40 22.83 16.08 15.59 18.87 25.24 31.88 36.04 40.58 44.28 46.69 48.97 50.20 50.03 48.09 45.13 43.65 43.89 44.21 43.56 41.27 38.70 37.03 36.82 36.75 31.74 23.72 20.94 20.08 17.93 17.66 17.63 16.41 15.45 14.25 12.97 12.16 11.68 12.73 15.78 19.57 23.60 27.27 35.31 52.14 59.89 52.45 42.93 36.74 29.89 26.85 26.99 25.63 24.61 25.24 24.23 21.00 19.00 18.52 17.90 16.51 15.63 16.02 17.50 18.99 19.77 21.11 22.85
24.49 25.57 26.89 27.26 29.74 36.31 40.00 39.16 36.96 34.10 28.26 21.32 18.52 18.73 21.89 27.15 32.57 37.49 40.71 42.95 45.77 48.25 50.02 49.96 47.36 44.59 43.50 43.68 43.50 41.85 40.36 39.98 40.71 42.16 40.20 32.92 26.89 23.12 20.38 18.40 17.58 16.77 15.88 15.02 14.35 13.96 13.02 12.83 14.78 18.43 22.77 25.54 30.54 46.53 58.94 55.52 46.86 41.70 33.67 27.01 27.07 26.62 25.02 25.39 25.26 23.64 21.74 20.41 20.18 19.46 17.44 16.47 17.39 18.67 19.48 20.65 22.47
24.52 25.99 28.32 28.50 29.27 34.59 39.19 39.81 37.46 34.33 30.17 24.79 20.98 19.26 19.89 22.96 28.29 34.82 38.39 39.81 42.16 44.88 47.87 49.81 48.64 46.39 45.28 45.29 45.45 44.44 43.15 42.70 42.91 44.19 44.47 40.88 35.12 30.09 25.98 22.79 20.06 18.20 16.86 15.64 15.30 15.84 15.33 14.18 14.60 17.04 21.00 23.62 26.94 39.73 56.13 58.58 50.94 46.42 39.13 29.57 27.78 27.12 26.09 26.60 26.56 25.66 24.65 23.19 22.29 22.40 21.51 19.38 18.72 19.27 19.78 20.49 21.99
25.20 26.93 29.63 30.56 31.45 34.81 38.16 39.89 38.94 35.32 30.10 25.20 22.71 21.49 21.42 23.11 26.98 33.23 37.23 38.14 39.27 41.22 44.63 48.35 48.84 47.72 47.64 48.51 49.47 49.11 47.42 45.57 44.63 44.91 45.11 43.11 39.09 34.42 29.81 26.16 23.39 20.95 19.11 16.97 15.62 16.21 16.47 15.32 14.81 16.34 19.86 22.38 24.95 33.79 50.31 59.75 56.00 50.66 43.22 33.03 29.51 27.10 25.23 25.94 26.60 26.27 25.87 25.01 23.41 22.77 22.84 21.71 20.11 19.76 20.27 20.98 21.80
25.18 26.91 29.70 31.30 33.06 36.40 38.53 39.52 39.91 37.98 31.99 25.73 23.74 23.51 23.92 25.12 27.34 31.63 34.98 36.11 36.87 37.48 40.03 44.89 47.25 47.22 47.36 48.62 51.07 53.17 52.76 50.30 48.28 47.56 47.00 45.26 42.58 38.34 32.89 28.97 26.39 24.81 23.71 21.12 18.12 17.26 17.29 16.52 15.42 15.67 18.22 20.47 22.38 28.46 41.59 57.06 60.39 55.48 47.22 36.47 31.62 28.14 24.50 24.03 24.23 24.36 24.91 25.02 24.10 22.95 22.59 22.27 21.08 20.04 20.12 21.11 21.89
23.99 25.47 27.76 29.26 30.78 35.38 38.66 38.89 39.14 39.53 35.96 28.85 24.76 23.67 23.95 24.78 26.30 30.41 32.87 33.12 33.78 32.86 33.47 37.93 41.29 41.91 41.46 41.31 43.25 48.38 52.75 53.91 52.68 51.33 50.87 50.05 48.80 46.33 41.37 36.03 32.01 29.49 28.99 27.98 25.02 22.20 20.45 19.19 17.60 16.23 16.84 18.96 20.81 23.87 32.46 49.04 60.62 61.00 53.82 43.71 36.58 31.17 27.14 25.72 23.70 22.53 23.51 24.55 24.39 23.50 22.85 22.56 21.93 20.85 20.29 20.97 21.77
23.26 25.12 26.30 26.86 27.80 32.30 37.16 37.98 37.78 38.83 38.21 33.42 27.89 25.04 24.19 23.75 24.18 28.86 32.33 32.80 33.14 31.68 30.41 32.35 34.99 35.92 35.58 34.34 33.89 37.52 44.18 50.69 53.57 53.10 53.11 53.59 53.51 52.70 49.33 43.26 36.75 31.79 29.42 28.67 27.31 25.02 22.56 20.88 19.21 17.33 17.04 18.92 21.38 23.22 26.99 37.93 54.20 63.38 61.25 52.54 44.35 35.96 30.27 29.39 26.84 22.87 22.29 23.36 23.89 23.46 22.77 22.48 22.43 21.84 21.26 21.50 22.12
