build/dem_45_30_100m_ang.asc
ncols	240
nrows	240
xllcorner	268962.000000
yllcorner	5401414.000000
cellsize	100.000000
NODATA_value	-1.000000
[rows 0 to 54 of 240, columns 96 to 191 of 240]
10 11 11 10 13 17 22 28 35 45 57 72 85 100 111 112 111 116 124 127 123 112 109 112 114 114 112 114 118 118 120 120 114 111 110 106 103 98 93 87 79 72 69 64 60 58 55 50 45 46 44 34 26 26 30 35 39 40 34 25 18 16 16 16 17 18 17 16 19 23 27 30 31 32 31 30 30 31 32 33 31 26 24 25 24 22 19 15 15 18 22 26 30 33 37 41
13 15 15 15 17 21 25 31 37 42 47 54 65 75 86 94 97 103 109 111 110 107 105 103 103 103 102 103 106 107 110 113 110 108 106 101 97 95 93 89 82 75 70 64 60 58 54 50 46 47 45 36 30 29 33 38 41 39 31 24 18 16 16 16 18 19 19 20 25 31 36 38 39 39 38 38 39 40 41 41 37 32 31 32 31 30 26 21 20 24 29 33 36 39 42 45
25 28 29 29 33 34 35 38 40 41 41 43 47 51 57 64 73 77 77 76 82 90 94 88 86 88 90 92 91 92 97 101 100 96 92 86 82 82 82 83 81 78 72 65 60 57 53 48 46 47 45 40 37 37 40 45 44 38 29 23 19 18 18 17 19 24 30 37 48 55 55 53 52 53 53 52 53 55 54 50 47 45 47 47 45 43 41 36 36 41 43 45 47 47 48 50
32 36 35 35 38 39 40 44 44 43 43 43 43 45 47 50 54 58 60 63 73 80 82 80 82 82 83 85 83 83 87 90 89 87 85 78 74 72 71 73 75 75 73 67 60 56 52 48 46 46 45 42 40 37 40 47 47 41 32 26 21 20 19 18 22 32 43 52 59 63 62 61 62 62 60 58 56 56 55 52 50 49 49 49 47 45 42 39 40 45 49 51 50 49 49 51
44 45 43 42 43 42 43 47 49 48 47 46 45 45 47 47 45 47 52 59 66 69 67 67 72 74 74 76 76 78 79 77 75 77 79 75 70 68 67 66 66 68 69 66 60 55 51 47 45 46 45 43 41 38 38 46 49 44 35 27 22 21 22 21 26 38 49 56 60 63 65 68 70 69 68 67 64 62 61 60 59 57 56 56 55 54 52 49 50 54 58 60 56 53 53 53
53 52 49 47 50 50 51 53 54 56 56 53 51 51 51 49 44 41 43 48 53 55 52 53 60 67 69 69 71 73 73 67 63 63 60 58 59 60 61 62 59 58 60 59 56 53 49 46 44 45 45 42 41 40 39 44 48 45 36 28 23 22 25 27 32 42 53 60 63 65 64 67 69 69 69 69 69 67 65 63 64 63 63 64 64 63 61 58 57 60 64 67 65 62 60 58
61 60 57 56 56 55 54 55 55 55 57 56 54 53 51 48 41 35 36 41 44 46 46 48 54 59 63 64 65 67 68 64 60 59 54 50 51 53 56 57 55 53 52 48 47 48 46 42 42 43 43 42 42 41 40 40 44 44 38 31 25 23 27 32 38 44 55 63 65 64 61 63 65 65 67 68 68 68 66 65 65 66 66 66 66 67 65 63 62 63 65 68 68 68 67 64
68 67 62 59 58 55 53 55 55 54 54 53 53 52 49 45 39 33 33 37 39 40 39 42 48 53 56 58 59 60 62 59 56 54 47 42 43 47 51 53 52 51 49 44 41 41 38 36 38 40 41 40 41 41 41 39 41 43 41 35 26 22 26 33 39 43 53 63 66 65 61 60 63 65 68 70 70 69 68 66 67 68 69 69 69 70 70 68 68 67 66 68 69 69 69 67
77 74 68 65 65 62 60 60 59 57 56 55 54 53 50 48 43 37 35 37 39 38 37 38 43 49 53 55 53 51 53 51 48 44 36 32 34 38 43 46 47 48 48 43 40 38 34 32 34 38 40 39 40 41 41 40 40 42 41 36 27 21 22 31 39 41 49 61 66 66 63 61 62 63 67 70 71 70 69 69 70 71 72 72 72 74 75 75 74 74 73 73 72 70 68 68
78 78 76 75 74 70 68 67 64 61 59 58 57 56 54 52 48 42 38 38 40 40 39 39 42 45 49 51 50 48 49 45 42 37 31 28 31 36 41 44 44 46 47 45 44 42 36 32 33 37 39 38 39 41 41 40 39 40 40 37 30 22 21 29 37 38 42 55 62 63 60 58 58 58 62 65 66 67 69 71 73 73 73 74 73 74 74 75 76 77 78 79 77 73 71 71
82 84 85 86 83 78 75 73 69 65 62 61 61 61 59 56 51 46 41 38 41 43 43 42 42 44 46 46 44 45 47 45 42 38 31 29 31 37 42 43 44 46 47 45 45 44 37 34 34 36 38 38 39 40 41 40 38 38 39 38 33 26 21 26 34 34 36 50 58 59 56 54 54 55 59 62 64 65 68 71 74 75 75 76 76 75 75 76 76 77 79 82 82 78 76 76
82 85 88 89 88 87 86 85 82 76 71 68 68 68 66 64 59 53 46 41 41 46 48 45 44 45 47 46 43 43 45 45 45 41 33 30 32 37 41 43 44 46 46 42 41 38 27 28 32 35 37 37 38 40 41 40 39 39 40 39 36 28 21 24 32 34 35 48 57 58 54 53 53 54 58 62 63 64 65 68 71 73 75 77 77 77 77 78 79 79 79 80 80 78 76 77
81 85 88 89 90 91 92 92 90 85 81 77 75 74 71 68 65 59 51 45 42 47 51 49 48 50 51 49 46 47 46 42 42 42 34 32 35 38 41 42 45 47 46 41 39 36 21 22 30 33 36 37 38 40 41 41 39 40 41 40 38 32 26 25 31 32 32 45 56 58 56 56 56 56 59 62 62 63 65 67 69 71 75 77 77 78 79 80 81 81 81 80 79 77 75 75
82 85 87 88 89 91 93 93 93 91 89 85 82 77 73 71 68 63 56 50 45 46 51 51 51 53 54 53 51 53 52 46 43 43 36 33 37 38 39 39 43 47 46 41 40 37 24 22 30 32 34 36 39 40 41 41 40 40 40 39 38 35 30 26 28 29 29 40 52 56 58 59 59 59 62 64 63 62 64 67 68 69 72 75 75 76 78 79 80 80 81 81 80 78 75 74
76 79 81 85 88 90 91 92 93 93 93 92 89 84 78 76 73 68 62 57 51 51 54 53 54 55 55 55 56 58 58 51 48 46 37 35 37 38 40 39 43 48 47 43 42 39 27 25 30 31 33 36 39 41 41 41 40 39 39 37 36 35 31 26 27 26 29 36 47 54 56 57 58 59 61 64 62 60 62 64 64 65 68 71 72 71 73 74 74 75 76 77 77 76 73 70
70 72 76 83 88 90 91 91 91 92 93 93 91 88 83 79 75 71 66 61 56 55 57 55 56 56 54 54 56 59 58 50 46 44 36 36 38 39 41 43 46 50 50 46 44 40 29 27 31 31 32 36 39 41 41 41 40 39 38 37 35 34 31 28 27 23 25 31 39 49 53 55 56 59 62 64 62 61 62 64 65 65 68 71 73 71 70 69 69 70 71 71 72 71 68 67
62 64 68 75 80 84 88 89 88 89 90 91 89 88 86 83 78 73 69 65 60 58 59 57 58 58 55 54 56 57 55 49 44 43 38 39 41 41 44 47 49 53 54 50 47 41 31 29 33 32 32 35 39 41 42 42 41 41 39 37 35 34 31 28 26 21 18 24 29 41 50 52 53 57 61 63 63 63 64 63 63 64 66 69 72 70 68 67 67 67 68 68 68 68 66 65
52 52 56 62 66 72 79 83 83 85 87 87 86 86 87 85 81 77 74 70 66 63 64 61 60 59 56 56 59 59 57 52 48 46 43 42 43 44 47 50 52 55 58 55 51 44 34 32 34 34 33 35 39 41 41 40 41 42 40 37 35 33 31 30 26 21 16 19 25 33 45 48 49 53 56 56 58 61 63 62 60 61 64 66 67 66 66 65 64 65 65 63 63 64 63 62
51 51 52 56 60 65 71 75 78 81 83 84 84 84 86 86 83 80 77 73 69 66 66 63 60 58 55 56 59 60 59 56 51 49 47 45 44 45 49 52 52 55 58 57 54 47 37 34 35 35 34 35 39 41 40 38 39 39 38 35 33 32 30 31 29 23 17 17 20 26 38 41 44 50 53 53 55 58 62 62 60 61 65 67 66 64 63 63 63 65 64 61 59 60 59 59
50 52 52 54 57 61 65 68 72 74 74 77 80 82 84 86 85 83 79 76 72 70 67 62 58 57 54 54 56 57 56 55 52 49 47 47 45 45 48 51 51 52 54 54 53 48 40 36 37 36 35 35 39 41 41 39 39 39 37 34 32 32 30 32 32 26 18 13 12 19 31 33 38 45 48 50 54 59 60 61 62 63 65 65 64 62 60 60 61 63 63 59 57 56 54 54
47 49 49 52 55 57 59 62 64 66 67 69 72 75 79 83 86 85 83 79 76 75 71 64 60 59 57 57 56 55 53 52 49 46 45 45 46 45 47 49 49 49 49 47 46 44 39 36 37 37 35 36 39 41 41 40 40 40 38 35 32 32 31 32 33 28 19 11 8 13 30 31 32 40 41 42 48 54 56 57 59 63 62 60 58 56 54 55 57 58 58 56 54 52 48 48
48 49 49 52 56 60 61 62 63 63 65 67 68 68 72 78 82 82 82 79 77 76 72 66 61 60 59 59 59 56 54 52 49 47 46 46 48 46 47 48 47 47 45 44 42 40 36 34 36 36 35 35 38 40 39 38 39 38 37 35 33 33 32 31 31 28 22 14 9 14 30 32 31 37 35 34 40 46 51 55 60 65 64 60 57 54 53 56 56 54 53 52 51 49 46 44
46 46 46 48 52 57 60 61 61 62 62 64 64 63 66 71 74 76 76 74 73 72 68 63 60 59 58 58 59 56 55 54 51 50 48 48 47 44 46 47 46 47 46 44 42 40 35 34 35 35 34 35 38 39 39 38 38 38 36 35 35 34 33 31 30 29 25 18 10 12 25 28 27 33 32 30 36 41 45 51 57 63 62 59 56 52 53 57 55 50 48 46 44 42 40 39
41 40 40 41 43 46 49 49 51 52 54 54 55 55 59 63 64 64 65 65 65 65 62 60 59 58 56 55 57 56 55 54 53 51 50 49 47 43 44 45 45 48 47 44 43 41 36 35 36 35 34 35 38 39 40 40 41 41 39 37 36 35 34 32 31 29 26 19 9 10 20 25 27 33 34 33 36 38 40 44 50 54 51 49 49 44 45 48 45 39 38 37 36 34 32 31
39 39 40 40 40 42 44 45 47 50 50 51 52 53 57 61 60 58 57 57 59 60 57 56 56 54 51 51 53 52 52 53 52 52 52 53 50 46 46 46 46 49 48 45 45 43 37 37 38 36 35 36 38 39 40 41 41 42 40 37 35 34 34 32 31 29 26 20 10 8 18 25 29 36 35 34 37 37 37 43 50 52 48 46 45 39 39 41 36 30 30 30 29 28 27 28
40 41 42 43 42 43 44 44 44 46 46 47 49 51 57 62 59 56 55 52 52 54 51 50 51 48 45 45 47 48 48 51 51 52 54 55 53 49 49 48 46 48 48 45 45 44 38 37 39 37 35 36 38 39 40 39 40 41 38 35 34 34 33 32 30 28 27 22 13 9 17 24 28 36 34 32 39 38 39 48 54 55 51 46 43 38 36 37 33 28 26 25 25 26 26 27
42 43 43 44 44 44 42 41 41 42 40 39 40 44 52 59 56 53 52 48 47 47 44 44 44 41 39 40 41 43 45 49 49 51 55 56 54 50 49 47 44 44 44 43 43 43 38 37 39 38 36 36 37 39 40 38 39 40 38 34 33 33 33 32 30 28 29 25 16 10 15 22 28 37 37 35 43 44 43 51 55 54 50 45 42 38 36 35 34 30 28 28 29 30 31 32
44 44 44 44 44 43 41 41 42 42 40 38 37 39 45 49 48 48 49 46 46 46 42 41 40 37 37 35 34 36 40 44 44 47 55 57 55 50 49 46 43 43 43 41 43 42 38 36 37 37 37 36 36 38 38 36 37 40 39 34 33 33 33 32 30 29 29 27 19 12 13 18 24 35 36 34 40 42 43 48 51 52 50 46 42 40 38 37 36 35 34 34 36 39 40 41
45 44 43 43 43 43 42 42 42 43 41 38 36 37 41 44 42 40 43 43 44 45 43 41 38 34 34 31 26 28 34 40 39 41 52 56 54 50 49 48 43 44 43 40 41 41 37 35 34 34 35 35 33 34 34 34 36 40 39 35 34 34 33 32 30 29 30 29 21 13 12 14 20 30 33 34 38 39 41 46 51 54 53 50 47 45 45 43 41 40 39 38 40 46 48 49
44 43 42 42 43 43 41 40 40 40 38 35 34 36 41 43 42 40 39 39 39 40 40 39 35 30 30 28 21 21 29 36 35 37 49 54 53 49 50 49 42 42 43 39 39 38 36 34 32 31 33 33 30 30 31 32 35 39 38 35 34 33 34 33 31 29 31 31 23 15 13 13 18 28 32 34 39 40 43 48 55 59 60 57 55 54 54 52 48 47 45 42 42 45 49 52
43 42 41 41 43 42 39 36 35 35 34 34 35 38 42 45 45 43 42 41 39 38 36 36 33 27 27 27 21 18 23 30 31 34 44 52 52 50 51 51 44 44 44 40 39 39 36 35 34 32 33 33 31 29 30 31 34 37 36 34 33 33 34 33 32 30 31 32 26 18 15 14 19 27 29 32 38 41 44 51 57 62 63 61 59 57 57 54 49 49 48 45 44 43 44 48
43 42 40 40 42 41 37 34 33 33 34 34 36 39 42 44 43 42 42 40 38 35 31 30 28 24 24 25 21 18 18 25 29 32 40 48 51 51 52 52 47 45 45 41 42 42 38 37 36 35 34 34 33 31 30 31 34 36 35 34 34 34 35 34 32 30 31 32 28 22 16 15 20 28 29 30 38 41 44 54 60 64 65 63 60 58 57 53 46 46 47 45 45 44 43 44
46 46 45 44 45 43 40 38 36 36 37 37 38 39 41 41 39 38 38 37 35 32 28 28 28 24 22 22 21 19 17 21 28 32 38 44 49 50 50 49 46 44 43 39 40 41 38 36 37 36 35 34 33 32 31 31 34 35 35 34 34 35 36 35 33 30 31 32 30 25 19 17 21 30 34 34 43 43 44 57 62 64 66 64 61 57 56 52 44 44 43 41 43 45 45 45
48 50 49 50 51 49 47 44 41 40 40 40 40 41 40 39 38 37 38 38 37 34 32 32 33 30 27 25 23 22 18 17 23 30 35 39 44 47 48 47 45 44 43 37 39 40 37 36 38 38 36 34 33 32 31 30 32 34 34 33 34 35 36 35 32 31 31 32 30 26 20 17 20 29 34 37 46 47 44 57 60 62 65 64 59 55 52 47 40 40 40 37 38 42 43 43
48 49 49 50 51 51 49 46 42 39 40 41 42 44 43 40 39 39 39 40 40 38 36 36 35 34 31 27 25 24 21 16 18 26 33 37 42 45 46 46 45 44 42 38 40 41 38 37 38 37 37 35 33 33 32 31 32 34 34 32 33 35 35 34 32 32 32 32 30 26 21 17 18 27 34 38 47 48 47 57 59 62 65 63 58 53 49 44 39 39 40 37 38 41 41 42
49 50 50 49 50 50 49 45 41 38 38 40 45 50 48 44 42 42 42 42 42 40 37 36 32 29 28 25 23 25 24 20 19 25 35 40 44 47 47 47 46 44 42 38 39 40 37 37 37 35 36 35 33 34 34 32 33 34 34 33 33 35 36 36 35 34 33 33 31 27 24 20 19 29 38 42 49 53 54 60 62 66 68 65 59 54 49 45 40 41 42 40 41 42 41 43
48 50 50 49 48 48 47 43 40 38 38 40 46 52 50 46 44 43 43 43 43 41 38 35 29 25 27 26 24 26 27 25 22 24 34 43 46 49 49 50 48 45 42 38 37 38 36 38 37 33 34 35 33 34 35 33 33 35 34 33 33 36 38 39 38 35 33 34 32 28 27 24 21 28 39 44 49 54 57 61 64 68 69 66 61 55 50 45 40 42 42 40 40 41 41 42
48 51 51 49 48 48 47 44 42 41 40 42 49 54 52 48 46 45 45 44 44 43 40 35 29 23 25 27 26 29 30 29 26 25 32 43 50 53 55 59 57 51 46 42 40 39 38 40 37 33 34 35 33 35 37 34 34 35 35 33 33 36 37 39 39 35 33 33 32 29 28 25 21 24 35 39 43 48 53 61 66 69 68 64 60 55 51 47 42 42 42 40 40 40 39 41
52 55 55 54 54 53 51 46 43 42 40 44 54 59 56 53 51 49 48 47 47 47 44 40 34 27 26 28 28 31 33 33 30 28 31 43 51 55 60 66 70 67 58 51 47 44 42 41 38 34 36 36 33 35 37 35 34 35 35 33 32 34 35 38 38 35 32 32 31 29 29 25 20 22 28 33 38 43 50 60 68 72 70 65 61 56 53 50 44 45 44 41 41 40 39 40
52 56 55 55 55 53 50 47 43 40 36 40 52 57 54 51 50 50 49 47 50 53 51 47 41 34 31 31 30 32 34 34 32 28 29 39 47 51 56 63 69 72 69 62 55 50 48 45 41 38 38 38 34 35 37 35 33 33 32 32 31 32 36 39 39 37 34 32 31 31 31 26 20 20 24 29 36 41 48 58 65 71 72 68 63 57 54 50 41 43 44 39 38 39 39 38
50 54 55 55 55 52 50 49 47 43 37 39 51 55 52 51 50 50 50 50 53 58 57 53 47 40 35 33 31 34 36 36 35 31 29 35 44 49 54 59 65 69 72 70 65 59 55 51 46 41 40 38 33 34 36 35 34 32 31 32 31 32 37 40 41 39 36 32 30 32 33 27 20 19 24 29 37 41 49 59 65 69 70 68 64 58 56 51 42 43 44 40 37 37 39 37
51 55 60 61 59 55 52 52 52 49 44 46 55 57 55 52 51 51 52 54 56 58 57 55 50 44 40 36 35 37 38 37 38 35 31 33 41 47 52 57 63 68 73 75 75 71 64 56 50 44 40 38 33 33 34 35 34 32 32 33 32 33 37 40 40 38 36 33 30 32 34 29 22 21 23 29 38 43 51 63 68 70 70 68 65 62 61 54 46 46 46 42 39 38 39 37
48 53 61 64 60 55 50 48 49 49 46 49 55 57 56 53 52 50 50 52 53 53 54 53 51 47 44 41 39 38 38 36 38 38 34 31 35 41 46 51 57 63 69 72 75 75 71 63 55 48 43 39 36 36 37 35 34 32 32 34 33 33 38 41 40 38 37 34 31 32 35 32 26 23 23 28 40 44 51 62 67 70 69 67 65 64 61 54 45 45 44 41 39 38 37 36
45 52 60 63 59 54 50 46 46 47 48 51 55 58 58 56 54 51 50 52 52 52 52 51 50 48 45 42 41 41 39 37 38 39 36 30 27 32 37 42 49 54 58 61 64 68 69 64 58 51 46 41 39 40 40 37 33 31 32 33 32 33 38 42 42 39 36 35 33 33 37 36 30 26 26 28 39 45 50 60 65 67 66 63 61 58 55 48 43 44 44 41 39 38 37 36
45 53 60 61 57 53 50 46 46 49 52 54 56 58 58 58 57 56 56 56 55 55 54 52 50 48 45 44 45 45 43 41 40 40 37 32 25 25 30 35 43 46 48 50 52 56 58 56 53 49 46 41 38 39 40 37 33 30 30 32 32 33 38 42 43 40 36 35 35 35 38 40 36 31 30 33 41 48 54 61 65 65 63 58 55 51 47 44 41 44 46 43 41 39 37 38
44 53 59 58 53 51 49 45 44 48 51 53 55 56 55 56 57 57 57 57 56 55 54 51 48 45 43 46 49 48 45 44 43 41 39 36 28 23 25 31 40 43 44 45 46 49 50 46 42 42 43 42 39 40 41 39 35 31 29 31 31 33 38 42 44 41 36 36 38 37 39 42 40 35 34 35 41 49 56 61 65 66 62 58 54 49 45 44 39 40 42 41 41 40 38 39
46 57 61 57 53 52 50 46 45 48 51 54 56 57 56 56 57 58 58 59 59 58 56 53 50 47 44 47 49 48 47 47 46 43 40 38 33 24 22 30 41 45 45 44 45 47 47 43 38 37 40 41 40 41 42 40 37 32 27 28 30 33 38 42 45 42 36 37 38 38 40 44 43 39 36 36 39 47 57 63 67 68 65 61 57 51 48 45 39 38 39 39 40 40 38 39
54 64 66 62 58 55 53 49 50 53 55 58 60 61 61 60 60 61 62 62 62 62 60 57 54 50 46 48 50 48 49 51 49 44 40 39 36 27 21 29 41 47 48 47 47 49 48 44 38 36 38 39 39 39 40 39 37 32 25 25 29 33 37 41 44 43 37 37 39 37 40 45 46 43 40 38 40 48 59 66 71 70 66 61 57 51 50 48 40 38 40 40 41 41 40 40
58 65 65 62 59 56 53 51 52 54 56 58 60 60 60 60 60 60 61 61 62 62 60 56 53 50 47 49 50 49 51 53 50 44 40 39 38 31 23 28 39 46 49 51 51 52 51 46 40 36 37 39 38 37 37 36 36 33 24 23 29 33 37 41 44 43 39 38 39 38 41 47 47 46 46 43 42 48 59 68 73 72 67 61 55 49 51 49 43 41 43 43 43 43 43 42
63 68 66 63 59 57 54 52 52 54 56 58 59 59 59 59 59 60 60 61 62 61 60 56 54 51 50 50 50 50 53 54 51 45 41 40 40 35 28 30 40 47 51 53 54 55 54 50 44 39 38 39 38 37 37 36 36 34 26 24 29 34 37 41 45 44 39 39 40 39 42 47 48 48 50 49 51 55 63 71 73 72 69 63 58 53 54 52 47 44 44 44 44 45 45 43
71 75 75 70 65 61 58 56 56 57 58 60 60 60 60 60 60 60 60 60 61 61 60 59 58 56 54 54 53 53 55 55 52 47 41 41 43 41 37 38 45 50 55 57 56 56 56 53 49 45 42 41 40 39 38 37 38 36 29 27 32 36 38 42 47 46 42 43 42 41 44 47 49 49 52 54 59 66 76 78 75 71 69 68 65 61 59 56 51 46 45 44 44 45 45 44
70 75 76 73 69 64 61 59 58 58 60 61 61 59 59 59 59 61 61 61 61 61 60 60 60 58 55 54 55 56 56 55 53 48 43 44 46 47 45 46 50 52 57 59 57 56 56 54 52 49 46 43 41 41 40 40 40 38 32 31 35 38 39 42 46 48 46 46 43 42 45 47 49 51 53 56 61 68 80 84 79 72 68 69 67 64 62 60 55 50 47 44 44 45 45 44
69 72 73 72 69 65 62 61 61 60 61 62 61 60 59 60 61 62 63 63 62 62 63 63 63 62 59 58 61 63 62 60 56 51 46 46 48 49 49 49 51 53 58 61 59 57 57 56 54 52 49 45 43 43 43 44 45 42 37 36 39 40 40 42 44 45 44 44 42 41 44 47 48 51 55 58 60 66 76 82 79 73 69 68 67 65 62 60 57 54 50 47 47 48 46 46
70 71 72 72 71 69 66 64 64 64 63 63 62 61 62 63 63 63 64 65 64 63 64 66 66 66 67 68 69 70 70 68 63 57 52 50 50 50 49 49 50 53 58 63 63 62 61 59 58 57 53 48 46 45 45 47 50 48 44 42 42 41 41 42 43 44 44 42 41 41 43 47 49 51 56 58 59 63 69 75 75 72 69 68 66 64 62 59 56 56 53 48 49 49 47 47
70 71 71 72 72 70 68 66 65 66 65 64 62 62 62 63 63 63 64 64 63 61 63 64 64 64 66 70 74 74 73 72 68 62 57 54 53 52 51 49 49 50 54 60 63 64 63 61 60 58 55 51 48 46 46 47 49 48 46 45 44 43 43 43 44 45 46 45 42 42 43 46 48 51 56 57 58 61 64 67 69 68 66 65 62 61 60 57 55 55 52 48 49 50 47 47
